0 0.060187500000000005 0.8344166666666666 0.066140625 0.15822222222222215
0 0.14763671875 0.5253611111111111 0.0405078125 0.16058333333333333
0 0.19433984375 0.5240694444444445 0.03147656249999997 0.13775
0 0.21808984374999998 0.5436527777777778 0.03553906249999996 0.14819444444444443
0 0.230015625 0.5042430555555556 0.02901562499999999 0.11087500000000006
0 0.2526875 0.5323541666666666 0.028781250000000026 0.12320833333333331
0 0.36996875 0.6318125 0.03851562499999996 0.1830416666666666
0 0.40894921874999995 0.45379861111111114 0.028632812499999983 0.15176388888888886
0 0.6146796875 0.49839583333333337 0.03423437500000004 0.13681944444444452
0 0.6133242187500001 0.8977638888888889 0.048226562499999924 0.19169444444444442
0 0.7436835937499999 0.7393819444444445 0.04466406249999997 0.16090277777777773
0 0.79298828125 0.5585625 0.04103906249999998 0.16120833333333331
0 0.78408984375 0.4069375 0.035554687500000084 0.14973611111111107
0 0.9036328125 0.22256944444444443 0.035859374999999895 0.12811111111111112
0 0.95465625 0.21277083333333333 0.028843750000000057 0.12056944444444442
0 0.91834375 0.13453472222222224 0.029812499999999888 0.09454166666666668
0 0.9557343749999999 0.021555555555555553 0.016031249999999986 0.04311111111111111
0 0.8894414062500001 0.08057638888888889 0.028226562499999906 0.12034722222222223
0 0.8536093749999999 0.06588194444444445 0.02509375000000009 0.10034722222222223
0 0.8383749999999999 0.07014583333333334 0.017687500000000078 0.10131944444444445
0 0.7313984375 0.10605555555555556 0.01817187500000008 0.124
0 0.7387109374999999 0.03975 0.024765624999999947 0.0795
0 0.68824609375 0.049027777777777774 0.020335937499999977 0.09491666666666668
0 0.6696484375 0.07880555555555555 0.016093750000000018 0.06952777777777777
0 0.5793515625 0.1055 0.024093750000000025 0.09947222222222223
0 0.638984375 0.15861805555555558 0.025687499999999995 0.1262361111111111
0 0.6228906249999999 0.17654166666666665 0.02728124999999997 0.11975
0 0.528515625 0.17239583333333333 0.03015624999999993 0.12659722222222222
0 0.49617187500000004 0.2436736111111111 0.028890625000000014 0.12701388888888887
0 0.48256250000000006 0.12227777777777776 0.018312499999999954 0.11266666666666668
0 0.48297656250000004 0.040125 0.018062500000000002 0.08025
0 0.45297656249999996 0.11874305555555556 0.021359375000000024 0.1212638888888889
0 0.42550781249999997 0.1225138888888889 0.018203124999999966 0.11919444444444445
0 0.38975781249999997 0.040138888888888884 0.02742187500000006 0.08027777777777777
0 0.42539453125 0.021916666666666664 0.013132812499999957 0.04383333333333333
0 0.384328125 0.2546111111111111 0.028749999999999963 0.13077777777777777
0 0.31270312499999997 0.33727083333333335 0.03075000000000001 0.1337638888888889
0 0.31218359375000004 0.24570833333333333 0.024882812499999973 0.08741666666666667
0 0.20987109375 0.05545833333333333 0.0234140625 0.1018611111111111
0 0.19586718749999998 0.014472222222222221 0.01923437499999998 0.028944444444444443
0 0.14026953125000002 0.0743125 0.029617187499999996 0.11081944444444446
0 0.060789062500000005 0.17326388888888888 0.025453124999999993 0.10869444444444443
0 0.9784375000000001 0.6820486111111111 0.04312500000000004 0.18118055555555546
0 0.9938828125000001 0.1450972222222222 0.012234375000000065 0.08897222222222223
