0 0.049613281249999995 0.8317708333333333 0.0546171875 0.16776388888888885
0 0.1494375 0.49985416666666665 0.039000000000000014 0.1522638888888889
0 0.19466015625 0.5257847222222222 0.029960937499999972 0.13651388888888885
0 0.21795703125000002 0.5465416666666667 0.037867187500000024 0.14833333333333334
0 0.23076171875 0.5070625 0.027632812500000003 0.11059722222222222
0 0.25403125 0.5343541666666667 0.029218750000000026 0.12262500000000003
0 0.3702109375 0.6524375 0.03854687500000002 0.17256944444444444
0 0.41118359375 0.4666319444444445 0.03130468750000004 0.14701388888888883
0 0.6126015625 0.5116111111111111 0.037124999999999984 0.1302222222222222
0 0.6201874999999999 0.91775 0.05103125000000004 0.16450000000000006
0 0.75302734375 0.7391041666666667 0.0591796875 0.16612500000000002
0 0.7879453125 0.5302222222222223 0.04042187500000001 0.14677777777777778
0 0.77816015625 0.3902013888888889 0.034757812500000006 0.15459722222222227
0 0.8982812500000001 0.2171875 0.03529687500000005 0.1320138888888889
0 0.95128515625 0.2049513888888889 0.031101562499999957 0.11843055555555553
0 0.9165351562499999 0.14349305555555555 0.029195312499999914 0.12579166666666666
0 0.9570703125000002 0.02343055555555556 0.016171875000000037 0.04686111111111112
0 0.8886914062500001 0.07215277777777779 0.027382812499999964 0.11541666666666665
0 0.8521093750000001 0.06729861111111111 0.023031250000000014 0.10168055555555557
0 0.8365937500000001 0.0671875 0.019843749999999893 0.09873611111111112
0 0.7324921875 0.10756944444444445 0.018515625000000036 0.12669444444444444
0 0.7411562500000001 0.041576388888888885 0.02215625000000001 0.08315277777777777
0 0.690265625 0.0517986111111111 0.01978125000000004 0.09451388888888888
0 0.6722812499999999 0.07784722222222222 0.014812500000000029 0.07036111111111111
0 0.58014453125 0.10003472222222223 0.022054687500000014 0.09854166666666667
0 0.63913671875 0.17104166666666668 0.026414062499999957 0.12741666666666668
0 0.6228359375 0.18882638888888886 0.024171875000000044 0.12151388888888888
0 0.5281875 0.16847222222222225 0.029906249999999978 0.12994444444444447
0 0.49730468749999995 0.23579166666666668 0.03021874999999996 0.12502777777777777
0 0.47958203125 0.13225 0.019101562500000037 0.11466666666666667
0 0.48305468749999997 0.0389375 0.017625000000000047 0.077875
0 0.4535390625 0.12197916666666667 0.021359375000000024 0.12362500000000003
0 0.42946093750000003 0.12629166666666666 0.024609375 0.11663888888888888
0 0.38791796874999995 0.043354166666666666 0.02557031249999997 0.08670833333333333
0 0.4134375 0.023125 0.030156250000000016 0.04625
0 0.38532031250000004 0.2722361111111111 0.02864062500000002 0.13624999999999998
0 0.31325 0.3254583333333333 0.031156249999999996 0.1289166666666667
0 0.3111953125 0.2389166666666667 0.024421874999999992 0.08333333333333333
0 0.207859375 0.06929166666666667 0.02896875000000001 0.1066388888888889
0 0.193453125 0.017222222222222222 0.021718749999999988 0.034444444444444444
0 0.13093749999999998 0.08160416666666667 0.02749999999999999 0.10756944444444445
0 0.06226171874999999 0.17530555555555555 0.025617187500000006 0.10986111111111112
0 0.09402734374999999 0.018055555555555554 0.01230468749999999 0.03611111111111111
0 0.98263671875 0.6938888888888889 0.03472656250000004 0.16666666666666666
0 0.9944921875 0.13934027777777777 0.011015624999999928 0.08395833333333336
