0 0.06702734375 0.8441805555555555 0.06177343749999999 0.16227777777777783
0 0.14170703125 0.547611111111111 0.03580468750000001 0.1618888888888889
0 0.1929765625 0.5205555555555554 0.03323437499999997 0.13794444444444443
0 0.21618750000000003 0.5399305555555556 0.03575000000000002 0.14624999999999994
0 0.226625 0.5015347222222223 0.030781249999999982 0.11248611111111112
0 0.25140624999999994 0.5291805555555555 0.028750000000000008 0.12108333333333335
0 0.36936718749999997 0.5907986111111111 0.03570312499999999 0.17256944444444444
0 0.40816796874999994 0.42456944444444444 0.029976562500000005 0.14641666666666664
0 0.61365625 0.47125694444444444 0.03409374999999999 0.12815277777777775
0 0.60464453125 0.8476388888888888 0.047242187499999935 0.17916666666666667
0 0.71587109375 0.7378819444444445 0.06100781250000002 0.15812500000000004
0 0.8004492187500001 0.5795902777777778 0.04307031250000008 0.1622083333333333
0 0.790515625 0.4342916666666667 0.038484374999999994 0.15488888888888885
0 0.90537109375 0.23699305555555555 0.03736718749999994 0.1334027777777778
0 0.9551367187500001 0.2260694444444444 0.02839843749999993 0.12044444444444444
0 0.9202890625 0.1450972222222222 0.02954687500000013 0.09052777777777779
0 0.9539023437499999 0.020749999999999998 0.01557031250000005 0.041499999999999995
0 0.8885898437499999 0.08286111111111111 0.02867968750000003 0.11566666666666667
0 0.85714453125 0.06967361111111112 0.019914062500000006 0.10509722222222223
0 0.83802734375 0.07072916666666668 0.017742187500000027 0.09815277777777778
0 0.73026953125 0.10400694444444446 0.018570312499999984 0.12106944444444445
0 0.733359375 0.032659722222222215 0.026593750000000062 0.06518055555555556
0 0.6868203125 0.04673611111111111 0.020328124999999985 0.09347222222222222
0 0.6667578125 0.0748888888888889 0.017203124999999986 0.06633333333333333
0 0.57917578125 0.11269444444444444 0.023476562499999964 0.09655555555555558
0 0.63780859375 0.1445486111111111 0.02377343750000005 0.12470833333333332
0 0.6214140625000001 0.16280555555555556 0.02589062499999999 0.12122222222222225
0 0.5284648437499999 0.1862986111111111 0.030429687499999948 0.13018055555555555
0 0.49777734375 0.25604861111111116 0.02971093749999998 0.1279861111111111
0 0.48534375 0.11241666666666666 0.01821874999999995 0.11169444444444447
0 0.48480468749999994 0.03635416666666667 0.01989062499999994 0.07270833333333333
0 0.45197656249999996 0.11371527777777778 0.021796874999999983 0.12181944444444445
0 0.4234453125 0.11565972222222223 0.01857812499999998 0.12340277777777776
0 0.38882421875 0.03347222222222222 0.024179687499999946 0.06694444444444445
0 0.43929296874999996 0.020743055555555556 0.036710937500000006 0.04148611111111111
0 0.37931640624999996 0.2387152777777778 0.030195312500000026 0.1340138888888889
0 0.3119921875 0.34250694444444446 0.033203125 0.1277638888888889
0 0.3121484375 0.2559513888888889 0.025796874999999986 0.08670833333333335
0 0.21396484375 0.04909722222222222 0.022226562500000036 0.09819444444444445
0 0.15339453125 0.05954166666666667 0.035398437500000005 0.10708333333333332
0 0.059308593750000006 0.17027777777777778 0.025757812500000005 0.10999999999999999
0 0.9690859374999998 0.6404722222222222 0.044265625000000065 0.15988888888888897
0 0.9927890625 0.14799305555555556 0.014421875000000028 0.09190277777777776
