0 0.04699609375 0.8289652777777778 0.0557890625 0.17359722222222224
0 0.15130078125 0.4880555555555555 0.036710937500000006 0.1519444444444445
0 0.19412500000000002 0.5271388888888889 0.029515625 0.13541666666666666
0 0.217203125 0.5483055555555555 0.03878124999999999 0.14833333333333334
0 0.23014453125000003 0.5087152777777777 0.028273437499999998 0.11043055555555555
0 0.25413281249999997 0.5357361111111112 0.029515625000000024 0.12222222222222222
0 0.36917968749999996 0.6720833333333333 0.03851562500000001 0.17569444444444443
0 0.41125390624999997 0.4831180555555556 0.03399218749999999 0.15290277777777775
0 0.6117734375 0.5254722222222222 0.03828125 0.13300000000000006
0 0.62087890625 0.9311458333333332 0.053085937500000034 0.1377083333333333
0 0.75910546875 0.7382013888888889 0.05985156250000001 0.17070833333333338
0 0.784984375 0.5228958333333333 0.040109375000000023 0.1535416666666667
0 0.7752148437499999 0.3746736111111111 0.034601562499999974 0.14595833333333333
0 0.8949882812500001 0.2085138888888889 0.03632031250000001 0.12894444444444447
0 0.9499062500000001 0.20071527777777776 0.03043749999999985 0.12034722222222223
0 0.914484375 0.1314375 0.0299687500000001 0.11304166666666669
0 0.9571484375000001 0.02423611111111111 0.016015625 0.04847222222222222
0 0.88682421875 0.07088194444444444 0.027132812500000013 0.117625
0 0.8511914062500001 0.06720138888888888 0.021304687499999985 0.10193055555555555
0 0.83464453125 0.06675694444444444 0.02086718750000003 0.09809722222222221
0 0.73284375 0.10858333333333334 0.019500000000000028 0.1285
0 0.7405039062500001 0.042069444444444444 0.021242187500000044 0.08413888888888889
0 0.69105859375 0.05330555555555556 0.01944531249999999 0.09450000000000001
0 0.6735 0.078125 0.01481249999999994 0.07036111111111111
0 0.57976171875 0.09477777777777777 0.021867187500000006 0.0957777777777778
0 0.639609375 0.17730555555555555 0.026906249999999955 0.12666666666666665
0 0.6204804687500001 0.19745138888888888 0.02125781250000003 0.12340277777777779
0 0.5273828125 0.16255555555555556 0.030156250000000016 0.12797222222222224
0 0.4978671875 0.22971527777777775 0.03049999999999997 0.12512500000000001
0 0.47746093750000007 0.13895833333333335 0.020640624999999968 0.11555555555555556
0 0.4821171875 0.03859027777777778 0.017624999999999957 0.07718055555555556
0 0.45402734375 0.12399305555555556 0.021367187500000016 0.12256944444444444
0 0.4296679687499999 0.1295 0.02644531250000002 0.11638888888888886
0 0.38771484375 0.04887500000000001 0.0251953125 0.09038888888888888
0 0.4077343750000001 0.0230625 0.02859375000000002 0.046125
0 0.38457421875 0.28118055555555554 0.029164062500000032 0.13633333333333333
0 0.31255078125 0.32032638888888887 0.031117187500000032 0.1274583333333333
0 0.31017968749999997 0.23348611111111112 0.024531250000000025 0.08322222222222221
0 0.20265624999999998 0.07294444444444444 0.024999999999999977 0.10538888888888888
0 0.19134375 0.019395833333333334 0.022375000000000013 0.03879166666666667
0 0.12450781250000001 0.08874305555555556 0.029890624999999994 0.10865277777777778
0 0.06258203124999999 0.17710416666666667 0.025382812499999997 0.11087500000000002
0 0.09104296875 0.0225 0.018851562499999995 0.045
0 0.98278125 0.7404027777777779 0.03443749999999994 0.14688888888888896
0 0.99427734375 0.1391875 0.011445312500000072 0.08679166666666668
