0 0.06831640624999999 0.8448125 0.0586640625 0.1622638888888888
0 0.14090625 0.5567986111111111 0.03646874999999998 0.16384722222222217
0 0.19254687499999998 0.5199513888888889 0.032781250000000005 0.138375
0 0.21582421875 0.5396527777777778 0.03616406249999997 0.14625000000000002
0 0.22583203125 0.5009791666666666 0.0310546875 0.11248611111111112
0 0.25140624999999994 0.5291805555555555 0.028750000000000008 0.12108333333333335
0 0.369140625 0.5856319444444444 0.03659375000000002 0.17631944444444442
0 0.40842968749999997 0.4213055555555556 0.02957812500000001 0.14850000000000002
0 0.6134257812499999 0.46860416666666665 0.034867187499999994 0.13034722222222217
0 0.60340625 0.8327291666666667 0.04746874999999999 0.17101388888888888
0 0.7119453124999999 0.7367847222222222 0.05998437499999998 0.15812499999999996
0 0.8017226562499999 0.5906875 0.04252343750000005 0.16806944444444444
0 0.7925703125 0.44077083333333333 0.03807812499999992 0.15456944444444448
0 0.90575 0.23817361111111113 0.03887499999999999 0.131375
0 0.9562226562500001 0.2264236111111111 0.029007812499999907 0.11915277777777776
0 0.9204648437500002 0.14825694444444446 0.02971093749999998 0.08954166666666664
0 0.9537382812499999 0.020305555555555556 0.015148437500000079 0.04061111111111111
0 0.88864453125 0.08801388888888889 0.028351562499999972 0.12036111111111111
0 0.85733203125 0.07047916666666668 0.019976562500000128 0.10404166666666666
0 0.838265625 0.07045833333333333 0.018156250000000006 0.09680555555555556
0 0.7301992187499999 0.10365277777777777 0.018570312499999984 0.12105555555555556
0 0.7322226562499999 0.03227777777777778 0.026273437499999996 0.06416666666666668
0 0.6864414062499999 0.04673611111111111 0.019570312499999964 0.09347222222222222
0 0.66621875 0.07462500000000001 0.01662499999999998 0.06633333333333333
0 0.57989453125 0.11515972222222223 0.022976562500000065 0.09726388888888889
0 0.63683203125 0.14168055555555556 0.02377343750000005 0.12469444444444444
0 0.6210625000000001 0.1573888888888889 0.025687499999999995 0.11947222222222223
0 0.528703125 0.1889861111111111 0.03103125000000002 0.1316111111111111
0 0.49787109375 0.25652777777777774 0.030085937499999993 0.12555555555555556
0 0.48637890625 0.10702083333333334 0.01847656249999998 0.10734722222222223
0 0.48484375 0.034743055555555555 0.01989062500000003 0.06948611111111111
0 0.45178906249999995 0.11325694444444445 0.021796874999999983 0.12181944444444445
0 0.4232265625 0.11405555555555556 0.019015625000000026 0.12272222222222222
0 0.38891796875 0.031875 0.023367187499999977 0.06375
0 0.44486328124999996 0.02013888888888889 0.026179687499999993 0.04027777777777778
0 0.3788359375 0.23170138888888886 0.030390625000000025 0.130375
0 0.31271484374999997 0.3500763888888889 0.03433593749999999 0.13484722222222226
0 0.31194921875 0.2587638888888889 0.025914062500000012 0.08775000000000001
0 0.21573437499999998 0.04791666666666667 0.022750000000000003 0.09583333333333334
0 0.15647656250000003 0.058041666666666665 0.035125 0.10741666666666665
0 0.05918359375 0.17027777777777778 0.026007812500000005 0.10999999999999999
0 0.96246484375 0.6347847222222222 0.05091406250000006 0.16626388888888885
0 0.9926640625 0.151 0.014671874999999978 0.09555555555555557
