0 0.065640625 0.8390833333333333 0.06887499999999999 0.15833333333333333
0 0.144765625 0.528875 0.038124999999999985 0.1528055555555556
0 0.19361718749999998 0.5224305555555555 0.03260937499999998 0.13758333333333334
0 0.21702734375000002 0.5415902777777778 0.035164062500000016 0.147375
0 0.22828125000000005 0.5027013888888889 0.030609375000000005 0.11151388888888884
0 0.25172265625 0.5307847222222222 0.028773437499999988 0.12234722222222219
0 0.3695859375 0.5990972222222223 0.03664062499999998 0.16097222222222227
0 0.4081796875 0.4340486111111111 0.029250000000000043 0.1399583333333333
0 0.61465625 0.47722222222222227 0.03371875000000006 0.12249999999999998
0 0.6086328125 0.8814375 0.04723437499999994 0.1979583333333333
0 0.73439453125 0.7389791666666666 0.04603906250000005 0.1589583333333333
0 0.79671875 0.5638194444444444 0.04157812500000002 0.15402777777777774
0 0.78737109375 0.4167638888888889 0.036867187500000044 0.1503611111111111
0 0.90441015625 0.23310416666666667 0.036382812500000125 0.13906944444444447
0 0.95471875 0.2234027777777778 0.028812500000000085 0.12208333333333334
0 0.91944140625 0.13847916666666665 0.030007812499999887 0.09276388888888888
0 0.9545468750000001 0.021055555555555557 0.015781250000000035 0.04211111111111111
0 0.8889414062500001 0.08263194444444445 0.028851562499999872 0.11901388888888889
0 0.8553124999999999 0.06632638888888888 0.023062499999999986 0.10090277777777779
0 0.8381875000000001 0.07103472222222222 0.017625000000000134 0.10031944444444445
0 0.730734375 0.1053125 0.01878124999999997 0.12281944444444445
0 0.736078125 0.03868055555555556 0.025562499999999932 0.07736111111111112
0 0.6872812500000001 0.047631944444444435 0.020703125 0.09451388888888888
0 0.6679375000000001 0.07656944444444445 0.01715625000000003 0.06625
0 0.5787734375 0.1101875 0.024765624999999947 0.09990277777777778
0 0.6384375 0.14745138888888887 0.024921874999999982 0.12220833333333332
0 0.62247265625 0.17115277777777776 0.027195312499999957 0.12211111111111111
0 0.52834375 0.17980555555555558 0.030124999999999957 0.13066666666666665
0 0.49654687499999994 0.2527361111111111 0.029140625000000052 0.1325833333333333
0 0.483984375 0.11871527777777777 0.018093750000000065 0.11387500000000002
0 0.48367187500000003 0.04018055555555555 0.01896874999999998 0.0803611111111111
0 0.45238671875 0.11594444444444445 0.02153906250000004 0.12100000000000001
0 0.42446484375000004 0.1194236111111111 0.018789062500000054 0.12148611111111111
0 0.38981640624999997 0.03305555555555555 0.02628906249999998 0.0661111111111111
0 0.43654296875 0.02125 0.0353515625 0.0425
0 0.382 0.24511111111111114 0.028593749999999973 0.13155555555555556
0 0.31198828125 0.34070833333333334 0.03150781249999999 0.13275
0 0.31233984374999996 0.25069444444444444 0.02541406250000002 0.08855555555555554
0 0.211328125 0.050847222222222224 0.02156250000000002 0.10169444444444445
0 0.14353515625 0.06284027777777777 0.02464843750000001 0.10754166666666666
0 0.059953124999999996 0.17175694444444442 0.025312499999999998 0.10937499999999999
0 0.9741015624999999 0.6648055555555555 0.044296875000000034 0.18016666666666661
0 0.9932265625 0.1471527777777778 0.013546874999999936 0.09141666666666667
