0 0.068640625 0.8451319444444445 0.05774999999999999 0.1622638888888888
0 0.14050390625 0.5607430555555556 0.03680468750000001 0.16612500000000002
0 0.19233203125 0.5196458333333334 0.03255468749999999 0.13859722222222226
0 0.21564453125 0.5395277777777778 0.03636718750000001 0.14625000000000002
0 0.2254375 0.5007083333333333 0.03118749999999997 0.11247222222222225
0 0.25140624999999994 0.5291805555555555 0.028750000000000008 0.12108333333333335
0 0.36902734375 0.5822291666666667 0.03703906250000002 0.17656944444444445
0 0.40856250000000005 0.4196736111111111 0.029374999999999974 0.14954166666666666
0 0.61330859375 0.4672777777777778 0.0352578125 0.13144444444444442
0 0.6027851562500001 0.8310972222222224 0.047585937499999974 0.17550000000000002
0 0.7106718750000001 0.7362430555555556 0.05809375000000001 0.15812499999999996
0 0.802359375 0.5944930555555555 0.04224999999999994 0.16823611111111111
0 0.79359765625 0.4415416666666666 0.03788281250000001 0.15247222222222226
0 0.90594140625 0.2387638888888889 0.03963281250000002 0.13036111111111112
0 0.9567656250000001 0.22659722222222223 0.029312499999999984 0.11850000000000001
0 0.9205507812499999 0.14984027777777775 0.029789062499999908 0.08904166666666667
0 0.95365234375 0.020083333333333335 0.014945312500000085 0.04016666666666667
0 0.888671875 0.08954166666666666 0.028187499999999942 0.1206388888888889
0 0.8574296875 0.07088194444444444 0.020015624999999915 0.10351388888888889
0 0.8383867187500001 0.07031944444444443 0.018367187499999993 0.09613888888888888
0 0.73016796875 0.10347222222222222 0.018570312499999984 0.12105555555555556
0 0.73165625 0.03209027777777778 0.026109375000000056 0.06365277777777778
0 0.6862539062499999 0.04673611111111111 0.01919531250000004 0.09347222222222222
0 0.66594921875 0.0745 0.016335937499999974 0.06633333333333333
0 0.58025390625 0.11710416666666666 0.022726562500000026 0.09904166666666667
0 0.63634375 0.14025 0.023765625000000058 0.12469444444444444
0 0.62088671875 0.1546875 0.0255859375 0.1185972222222222
0 0.5288203125000001 0.18929861111111113 0.03132812500000002 0.13026388888888887
0 0.49791406250000003 0.256625 0.030265625000000008 0.12313888888888888
0 0.4868984375 0.10543749999999999 0.01860937499999995 0.107375
0 0.484859375 0.03421527777777778 0.01989062500000003 0.06843055555555556
0 0.45169531250000006 0.11302083333333333 0.021796874999999983 0.12181944444444445
0 0.42311718749999994 0.11324999999999999 0.019234375000000005 0.1223888888888889
0 0.38896484375 0.03107638888888889 0.022960937500000035 0.06215277777777778
0 0.44699218749999997 0.01984027777777778 0.022218750000000044 0.03968055555555556
0 0.3788359375 0.22819444444444445 0.030000000000000027 0.1285555555555556
0 0.31307421875 0.3518819444444445 0.03489843750000001 0.13443055555555555
0 0.31184765625 0.2601736111111111 0.0259765625 0.08826388888888886
0 0.21603124999999998 0.04722222222222222 0.021843749999999985 0.09444444444444444
0 0.15750000000000003 0.057291666666666664 0.03395312500000001 0.10758333333333335
0 0.059125000000000004 0.17027777777777778 0.026125000000000002 0.10999999999999999
0 0.9598437499999999 0.6340277777777777 0.05321875000000009 0.16902777777777783
0 0.9926015625 0.15250694444444446 0.014796875000000043 0.09737500000000002
