0 0.07119921875 0.8536736111111111 0.051664062499999996 0.16487500000000005
0 0.1381484375 0.5711250000000001 0.04026562499999999 0.15691666666666662
0 0.191984375 0.5179652777777778 0.032328125 0.1388194444444445
0 0.21425 0.5381388888888889 0.03774999999999997 0.14649999999999994
0 0.22504296875000002 0.5004305555555556 0.031320312500000023 0.11247222222222225
0 0.25140624999999994 0.5291805555555555 0.028750000000000008 0.12108333333333335
0 0.3711015625 0.5473333333333333 0.03439062499999999 0.16005555555555556
0 0.40908203125 0.3954097222222222 0.029179687499999975 0.14137499999999995
0 0.61334765625 0.4460347222222222 0.0356484375 0.12348611111111114
0 0.59925 0.8150555555555556 0.04806249999999999 0.19377777777777774
0 0.69846875 0.7393333333333334 0.04181249999999999 0.1663333333333334
0 0.8079374999999999 0.6080138888888889 0.04368749999999988 0.1575833333333333
0 0.7992421875 0.46290972222222226 0.038015624999999886 0.1569583333333333
0 0.9110234375000001 0.2576111111111111 0.03626562499999988 0.1368611111111111
0 0.95896875 0.24368055555555554 0.032468749999999956 0.1223611111111111
0 0.92128515625 0.16028472222222223 0.03116406250000008 0.10054166666666667
0 0.9535546875000002 0.01986111111111111 0.014296874999999964 0.03972222222222222
0 0.8902890625000002 0.09700694444444444 0.028703125000000006 0.12015277777777776
0 0.8584609375 0.07261805555555555 0.020046875000000065 0.10298611111111113
0 0.8398749999999999 0.07560416666666667 0.019593749999999945 0.09795833333333334
0 0.72996484375 0.10239583333333332 0.018570312499999984 0.12106944444444445
0 0.7296953125 0.036458333333333336 0.026265625000000004 0.07291666666666667
0 0.6844882812499999 0.04634722222222222 0.01880468749999995 0.09230555555555554
0 0.6645546875 0.07378472222222222 0.01604687499999997 0.06798611111111111
0 0.5825390625 0.1259375 0.021328124999999965 0.09979166666666665
0 0.6346210937500001 0.12583333333333332 0.02377343749999996 0.11833333333333332
0 0.62030078125 0.14865277777777777 0.024039062499999986 0.11852777777777776
0 0.5293281249999999 0.198 0.031937499999999994 0.13372222222222221
0 0.49634375 0.27407638888888886 0.030453124999999925 0.13240277777777779
0 0.49112890625 0.09999305555555556 0.02022656249999999 0.113625
0 0.4862265625 0.034999999999999996 0.01989062500000003 0.06999999999999999
0 0.45109375000000007 0.11278472222222222 0.02140624999999998 0.12181944444444445
0 0.42296875 0.11027083333333333 0.020937499999999963 0.1225138888888889
0 0.38976953124999997 0.025597222222222223 0.025632812499999956 0.051194444444444445
0 0.46256640625 0.018819444444444444 0.02700781250000004 0.03763888888888889
0 0.37948046875 0.21775 0.027445312499999996 0.13116666666666665
0 0.31584375 0.36451388888888886 0.03503124999999998 0.12875000000000003
0 0.31196484375 0.2695 0.025757812500000022 0.09127777777777778
0 0.221015625 0.04041666666666667 0.024687499999999973 0.08083333333333334
0 0.162421875 0.04760416666666666 0.025 0.09520833333333333
0 0.058515625 0.16895833333333335 0.02515625 0.10736111111111113
0 0.9502734374999999 0.6177847222222221 0.04867187499999996 0.17179166666666668
0 0.992578125 0.16031250000000002 0.01484375 0.0957638888888889
