0 0.05178125 0.8321944444444446 0.0558125 0.16199999999999998
0 0.1489765625 0.5150902777777778 0.04142187499999998 0.15898611111111116
0 0.19499609375 0.5249513888888889 0.030632812499999985 0.13815277777777774
0 0.21901953125 0.5452222222222223 0.0364765625 0.14833333333333326
0 0.2313515625 0.5056736111111112 0.02667187499999999 0.11087499999999997
0 0.2538125 0.5331180555555556 0.028781250000000026 0.12320833333333331
0 0.37044140625 0.6448402777777779 0.039945312499999996 0.18143055555555554
0 0.40958984374999996 0.463 0.028632812500000028 0.15177777777777773
0 0.6138359375 0.5057708333333333 0.03498437499999998 0.1345694444444445
0 0.61700390625 0.9060277777777777 0.049585937500000024 0.17488888888888884
0 0.7495898437499999 0.740173611111111 0.05378906250000002 0.16298611111111114
0 0.7904921875 0.5480138888888889 0.041984375000000004 0.16369444444444448
0 0.78042578125 0.4002916666666667 0.035398437500000046 0.15247222222222226
0 0.900984375 0.21910416666666666 0.035296874999999873 0.1262361111111111
0 0.952734375 0.20549305555555558 0.03156250000000007 0.11651388888888889
0 0.9174531250000001 0.13727083333333334 0.02896875000000012 0.10268055555555557
0 0.9569531250000001 0.022222222222222223 0.01640625 0.044444444444444446
0 0.8898164062500001 0.07799305555555555 0.02728906250000005 0.12234722222222223
0 0.8527890625 0.06663194444444445 0.02495312500000004 0.10118055555555557
0 0.8383749999999999 0.06864583333333334 0.017687500000000078 0.10131944444444445
0 0.7319609375 0.10605555555555556 0.017046875000000038 0.124
0 0.7405078125 0.04083333333333333 0.024765625000000034 0.08166666666666667
0 0.6894218750000001 0.050208333333333334 0.01978125000000004 0.09450000000000001
0 0.671296875 0.0785138888888889 0.014812500000000029 0.07036111111111111
0 0.5802578125 0.10051388888888889 0.02204687500000002 0.09669444444444444
0 0.6387109375 0.16685416666666666 0.025687499999999995 0.1285138888888889
0 0.62263671875 0.1789722222222222 0.026210937499999965 0.11622222222222221
0 0.5287734374999999 0.1714513888888889 0.030203124999999977 0.12931944444444443
0 0.4967890625 0.23754166666666668 0.028890625000000014 0.12352777777777778
0 0.48127343749999996 0.12493055555555556 0.01864062500000001 0.11263888888888889
0 0.48305468749999997 0.03729166666666667 0.017625000000000047 0.07458333333333333
0 0.4535390625 0.12038194444444446 0.021359375000000024 0.12362500000000001
0 0.4281953124999999 0.12418055555555554 0.020953125000000038 0.11802777777777779
0 0.3886328125 0.042479166666666665 0.02742187500000002 0.08495833333333333
0 0.41615625000000006 0.022708333333333334 0.023781249999999955 0.04541666666666667
0 0.385625 0.26840277777777777 0.02999999999999998 0.13874999999999996
0 0.31321484375 0.32964583333333336 0.030757812500000002 0.12987500000000002
0 0.3118515625 0.24208333333333334 0.024421874999999992 0.08333333333333333
0 0.20892968750000002 0.065375 0.025578125000000007 0.10813888888888888
0 0.1946484375 0.01597222222222222 0.020078124999999992 0.03194444444444444
0 0.13599609375 0.0789375 0.029726562499999987 0.10906944444444444
0 0.0614609375 0.17403472222222224 0.025984374999999997 0.10831944444444445
0 0.982421875 0.68825 0.03515625 0.17544444444444451
0 0.9944921875 0.14134722222222224 0.011015624999999928 0.08397222222222221
