0 0.06200390625 0.8351597222222223 0.0676015625 0.15695833333333348
0 0.14708984375 0.5259305555555556 0.04019531249999999 0.15905555555555553
0 0.19412109375000003 0.5237708333333333 0.0317578125 0.13762500000000005
0 0.21777734375 0.543125 0.035226562500000023 0.14816666666666667
0 0.2295703125 0.5037708333333334 0.02981250000000002 0.11087499999999997
0 0.25231250000000005 0.5321041666666667 0.02878124999999998 0.12320833333333338
0 0.36981640625 0.6268750000000001 0.0380390625 0.18236111111111114
0 0.40861328124999996 0.4504027777777777 0.028632812500000028 0.15177777777777782
0 0.6149609375 0.4951388888888889 0.033984375 0.1359722222222222
0 0.6120976562499999 0.8952847222222222 0.04777343749999998 0.1945694444444445
0 0.7424999999999999 0.7391111111111113 0.04320312499999997 0.16022222222222224
0 0.79382421875 0.5601527777777778 0.040726562500000084 0.16038888888888891
0 0.7850234374999999 0.4071597222222222 0.03560937499999994 0.14762500000000003
0 0.90376171875 0.22550694444444447 0.03603906250000009 0.13268055555555555
0 0.95473046875 0.21464583333333337 0.02907031250000003 0.12084722222222223
0 0.9186406249999999 0.1348263888888889 0.030093749999999985 0.0942361111111111
0 0.9553281250000001 0.021333333333333333 0.01590624999999992 0.042666666666666665
0 0.8893164062499999 0.0814375 0.02853906249999998 0.11968055555555555
0 0.8538828125 0.06563194444444445 0.02514062499999987 0.10006944444444445
0 0.8383749999999999 0.07064583333333334 0.017687500000000078 0.10131944444444445
0 0.7312109375 0.10605555555555556 0.018546875000000008 0.124
0 0.738109375 0.03938888888888889 0.024765625000000034 0.07877777777777778
0 0.68785546875 0.04862500000000001 0.020523437499999984 0.09505555555555555
0 0.6691015625000001 0.07819444444444446 0.01651562499999999 0.06786111111111111
0 0.5790429687499999 0.10718055555555556 0.02477343749999994 0.10044444444444443
0 0.6389453125 0.15536111111111112 0.025687499999999995 0.1233888888888889
0 0.6229765625000001 0.1757291666666667 0.027640624999999995 0.12093055555555557
0 0.5284296875 0.17270833333333332 0.030140624999999942 0.12569444444444444
0 0.49596093750000003 0.24619444444444444 0.028890625000000014 0.12894444444444444
0 0.4829921875 0.12169444444444445 0.018203124999999966 0.11327777777777778
0 0.48295703124999995 0.04106944444444444 0.018210937500000045 0.08213888888888889
0 0.45278906249999995 0.11800694444444446 0.021359375000000024 0.12087499999999998
0 0.4252890625 0.12195833333333334 0.01864062499999992 0.11958333333333336
0 0.3900390625 0.03825694444444445 0.028828125000000027 0.0765138888888889
0 0.42675 0.021652777777777778 0.01540625000000002 0.043305555555555555
0 0.38389453125 0.25082638888888886 0.028335937499999984 0.12973611111111114
0 0.31246874999999996 0.3392013888888889 0.03075000000000001 0.1352083333333333
0 0.31229296875 0.24691666666666667 0.025039062500000007 0.0887777777777778
0 0.21018359374999998 0.05338888888888889 0.02269531250000001 0.10225000000000001
0 0.1964296875 0.013972222222222223 0.01864062500000001 0.027944444444444445
0 0.1411875 0.07176388888888889 0.0285625 0.10938888888888888
0 0.060562500000000005 0.17300694444444445 0.025281249999999998 0.10881944444444445
0 0.9774609375000001 0.6799791666666667 0.04507812500000004 0.1830972222222222
0 0.9936796874999999 0.14634722222222224 0.01264062500000005 0.0906388888888889
