0 0.069859375 0.8465347222222223 0.054765625 0.1589027777777779
0 0.1390078125 0.5672569444444444 0.037765625000000004 0.16381944444444443
0 0.19206249999999997 0.5187916666666667 0.03232812499999997 0.13880555555555554
0 0.21497656250000002 0.5388819444444445 0.03704687499999999 0.14634722222222224
0 0.22504296875000002 0.5004305555555556 0.031320312500000023 0.11247222222222225
0 0.25140624999999994 0.5291805555555555 0.028750000000000008 0.12108333333333335
0 0.37003906249999996 0.5650000000000001 0.036250000000000025 0.1702777777777778
0 0.40885156250000004 0.4100972222222222 0.02917187499999998 0.14911111111111108
0 0.6132578125 0.45656944444444447 0.035640625 0.13175
0 0.601 0.8236944444444444 0.047843750000000004 0.18550000000000008
0 0.70314453125 0.7371458333333334 0.0466796875 0.16140277777777784
0 0.80497265625 0.6052777777777778 0.0426640625000001 0.16527777777777777
0 0.7964687500000001 0.44577777777777783 0.03781250000000007 0.14344444444444449
0 0.9080859374999999 0.24961805555555555 0.03873437500000012 0.1382638888888889
0 0.9579726562499999 0.23547222222222222 0.030757812500000092 0.1235
0 0.9208984375 0.15496527777777777 0.03039062500000007 0.09334722222222223
0 0.95356640625 0.01986111111111111 0.014554687500000085 0.03972222222222222
0 0.88933203125 0.09345138888888889 0.028289062500000028 0.12059722222222222
0 0.8578984375 0.07181944444444445 0.020046875000000065 0.10297222222222223
0 0.8390546875 0.07235416666666666 0.018984375000000143 0.09645833333333331
0 0.73006640625 0.10293055555555555 0.018570312499999984 0.12105555555555556
0 0.73053125 0.03372222222222222 0.026078124999999997 0.06705555555555556
0 0.68543359375 0.04658333333333333 0.01880468749999995 0.09299999999999999
0 0.66523046875 0.07413194444444444 0.016054687499999963 0.0669861111111111
0 0.5813828125 0.12465277777777778 0.022015624999999962 0.10041666666666668
0 0.63536328125 0.1335625 0.02377343750000005 0.12204166666666667
0 0.6205507812500001 0.15064583333333334 0.02491406249999999 0.11804166666666668
0 0.52909765625 0.19050694444444444 0.03175781250000007 0.12593055555555555
0 0.49731249999999994 0.2672847222222222 0.030453124999999925 0.13265277777777776
0 0.48981250000000004 0.10230555555555555 0.021156250000000033 0.1098888888888889
0 0.485421875 0.034208333333333334 0.01989062500000003 0.06841666666666667
0 0.45139843749999997 0.11278472222222222 0.021640624999999948 0.12181944444444445
0 0.42299218750000006 0.1115763888888889 0.020046874999999974 0.12223611111111111
0 0.38931640624999997 0.028402777777777777 0.023789062499999947 0.056805555555555554
0 0.45653515625 0.020555555555555556 0.01489843749999995 0.04111111111111111
0 0.37909765625 0.21939583333333335 0.02874218749999997 0.12851388888888887
0 0.31439843749999996 0.36040972222222223 0.035296875000000005 0.13668055555555556
0 0.3118359375 0.26474305555555555 0.025921875000000004 0.08979166666666667
0 0.218203125 0.04083333333333333 0.02243750000000002 0.08166666666666667
0 0.1600859375 0.052347222222222226 0.029671875000000014 0.10149999999999999
0 0.05884374999999999 0.16975 0.025812500000000006 0.10894444444444444
0 0.95338671875 0.6287152777777778 0.05489843749999999 0.17506944444444453
0 0.9925546875 0.15790972222222222 0.014890624999999958 0.10056944444444446
