0 0.047578125000000006 0.8302291666666667 0.0548125 0.1725972222222222
0 0.15051953125 0.488875 0.0370546875 0.14986111111111108
0 0.19428125000000002 0.5267361111111111 0.029515625 0.13541666666666666
0 0.2172265625 0.5478611111111111 0.03878125000000001 0.14833333333333334
0 0.23025390625000003 0.5083541666666667 0.028273437499999998 0.11043055555555555
0 0.25415625 0.5354513888888889 0.02951562499999998 0.1222361111111111
0 0.3696171875 0.664798611111111 0.03806250000000002 0.17118055555555556
0 0.41137890625000006 0.4786805555555555 0.03353906249999996 0.15011111111111108
0 0.61177734375 0.5204861111111111 0.03841406249999997 0.1301666666666667
0 0.6210703125 0.9282430555555556 0.05223437500000001 0.14351388888888894
0 0.757828125 0.7382986111111112 0.06007812499999998 0.1694583333333334
0 0.7856171875 0.5241319444444444 0.03973437500000001 0.15154166666666669
0 0.775984375 0.3754791666666667 0.03435937500000001 0.14379166666666668
0 0.895734375 0.21118055555555557 0.035812500000000115 0.1303611111111111
0 0.9501132812499999 0.2026597222222222 0.030617187500000042 0.1200138888888889
0 0.915203125 0.13587500000000002 0.02965625000000003 0.11980555555555557
0 0.9571484375000001 0.02423611111111111 0.016015625 0.04847222222222222
0 0.8873828125 0.07087500000000001 0.027296874999999866 0.11683333333333334
0 0.8514257812499999 0.06747222222222223 0.021523437499999964 0.10197222222222223
0 0.83502734375 0.06648611111111111 0.02107031250000002 0.09755555555555555
0 0.73284375 0.10858333333333334 0.019500000000000028 0.1285
0 0.740671875 0.042069444444444444 0.021578125000000004 0.08413888888888889
0 0.69094140625 0.05308333333333333 0.01961718750000001 0.09449999999999999
0 0.67321875 0.07776388888888888 0.014812500000000029 0.07036111111111111
0 0.57991796875 0.09647916666666667 0.02196093750000001 0.0962361111111111
0 0.6395156249999999 0.17556944444444444 0.026906249999999955 0.12666666666666665
0 0.62089453125 0.19642361111111112 0.020382812499999937 0.12423611111111112
0 0.52759375 0.16452083333333334 0.02993750000000004 0.12918055555555558
0 0.4977578125 0.23216666666666666 0.03081250000000004 0.12558333333333332
0 0.47795703125000005 0.13804861111111114 0.020023437499999998 0.11579166666666667
0 0.4825859375 0.03846527777777778 0.017625000000000047 0.07693055555555556
0 0.45378515625000004 0.12352083333333333 0.021367187500000016 0.12309722222222222
0 0.429984375 0.12859722222222222 0.026750000000000006 0.11605555555555556
0 0.387578125 0.04640972222222222 0.024765624999999993 0.089125
0 0.4100390625 0.02250694444444444 0.030234375000000036 0.04501388888888888
0 0.38484765625 0.27799305555555553 0.02844531250000002 0.13545833333333335
0 0.31291015624999996 0.3215 0.03127343750000002 0.12786111111111112
0 0.31047265625 0.23514583333333333 0.024476562499999986 0.08326388888888887
0 0.20426953124999997 0.0724236111111111 0.02685156249999998 0.1055138888888889
0 0.192 0.018729166666666665 0.022593750000000013 0.03745833333333333
0 0.125390625 0.0860625 0.02835937500000001 0.107625
0 0.06269140625 0.176625 0.025382812499999997 0.1108888888888889
0 0.09184375 0.021527777777777778 0.01779687499999999 0.043055555555555555
0 0.98278125 0.7170972222222222 0.03443749999999994 0.1786388888888889
0 0.9943828124999999 0.13971527777777779 0.011234375000000085 0.08573611111111111
