0 0.06592187499999999 0.8422708333333333 0.065609375 0.16095833333333331
0 0.1429921875 0.5369722222222222 0.03635937500000001 0.15730555555555553
0 0.1933359375 0.5213819444444444 0.03317187499999998 0.13768055555555556
0 0.21658593750000002 0.5405763888888889 0.03542187499999998 0.14662499999999998
0 0.22744140625 0.5021111111111111 0.03063281250000003 0.11216666666666665
0 0.25151171874999995 0.5297152777777777 0.0287578125 0.12151388888888891
0 0.36951171875 0.5947430555555556 0.03572656249999997 0.16634722222222229
0 0.40808203125000003 0.4284861111111111 0.029867187500000014 0.14288888888888887
0 0.61406640625 0.4743194444444444 0.03371093750000007 0.12441666666666665
0 0.6063906250000001 0.8658125 0.04715625000000001 0.1899583333333333
0 0.72400390625 0.7386180555555556 0.05505468750000002 0.15840277777777786
0 0.79878125 0.5658888888888889 0.042749999999999934 0.14849999999999994
0 0.78878125 0.42552083333333335 0.038078125000000004 0.15395833333333336
0 0.90492578125 0.23530555555555557 0.03653906249999998 0.13597222222222222
0 0.95463671875 0.22506249999999997 0.028335937499999984 0.12143055555555554
0 0.9199492187499999 0.14183333333333334 0.029648437500000034 0.0916111111111111
0 0.9541718750000001 0.020999999999999998 0.015781250000000035 0.041999999999999996
0 0.8886875 0.08296527777777778 0.028843750000000057 0.11901388888888889
0 0.8564687500000001 0.06829166666666667 0.020937499999999963 0.10405555555555554
0 0.8380000000000001 0.0709236111111111 0.017562500000000016 0.09931944444444443
0 0.7304453125 0.10456249999999999 0.01864062500000001 0.12165277777777778
0 0.734640625 0.03166666666666667 0.026359375000000008 0.06333333333333334
0 0.6871015625 0.04703472222222223 0.020703125 0.09381944444444444
0 0.6673281249999999 0.07554166666666667 0.01737500000000001 0.06630555555555556
0 0.57880078125 0.11150694444444444 0.024070312499999958 0.09837500000000002
0 0.63834375 0.14647222222222223 0.02415624999999997 0.12386111111111112
0 0.6218828125 0.1673888888888889 0.02639062499999998 0.12211111111111109
0 0.52834375 0.18255555555555555 0.030124999999999957 0.12849999999999998
0 0.49733984375 0.25479166666666664 0.029398437499999996 0.13033333333333333
0 0.48454687500000004 0.11631250000000001 0.018093749999999974 0.11387499999999999
0 0.48441796875000004 0.03834722222222222 0.01958593750000004 0.07669444444444444
0 0.45217578124999996 0.11461805555555557 0.02171093749999997 0.12154166666666666
0 0.423859375 0.11745138888888888 0.01849999999999996 0.12298611111111113
0 0.389125 0.03314583333333333 0.025156249999999946 0.06629166666666667
0 0.43798828125 0.021111111111111112 0.03792968749999996 0.042222222222222223
0 0.38053515625 0.24318055555555557 0.02927343749999998 0.13441666666666666
0 0.31174999999999997 0.3411875 0.032265625000000006 0.13068055555555552
0 0.31227734375000005 0.2532638888888889 0.0256328125 0.08697222222222223
0 0.2124921875 0.050375 0.021812500000000012 0.10075
0 0.14874218749999998 0.06114583333333333 0.031218750000000007 0.10712500000000001
0 0.0595625 0.17077083333333334 0.02553125 0.10979166666666665
0 0.9719609375000001 0.6522777777777777 0.04407812499999988 0.1681388888888888
0 0.9929765625 0.14670833333333333 0.014046875000000014 0.09052777777777776
