0 0.04816015625 0.8315000000000001 0.0538203125 0.1716111111111112
0 0.1497421875 0.48970138888888887 0.03739062499999999 0.14776388888888886
0 0.19443749999999999 0.5263333333333333 0.02951562499999998 0.13541666666666666
0 0.21725 0.547423611111111 0.03878124999999999 0.14831944444444448
0 0.23037109375 0.5079930555555555 0.028273437500000043 0.11043055555555555
0 0.25417578125 0.5351736111111111 0.02950781250000003 0.1222361111111111
0 0.37005859375 0.6575 0.03761718749999998 0.16666666666666666
0 0.41150390625 0.4742430555555556 0.033085937499999975 0.14734722222222219
0 0.6117734374999999 0.5155069444444444 0.03854687500000002 0.12731944444444446
0 0.62126171875 0.9253333333333333 0.051382812499999986 0.14933333333333332
0 0.75655859375 0.7383958333333334 0.060304687500000044 0.16820833333333343
0 0.78625 0.5253680555555555 0.039374999999999896 0.14954166666666668
0 0.77674609375 0.3762708333333333 0.034117187500000055 0.14162499999999995
0 0.8964765625 0.21384722222222222 0.035296874999999873 0.13175
0 0.95032421875 0.20459722222222224 0.03080468750000005 0.11969444444444445
0 0.91592578125 0.14031944444444444 0.02935156250000013 0.12658333333333333
0 0.9571484375000001 0.02423611111111111 0.016015625 0.04847222222222222
0 0.8879453125000001 0.07086805555555556 0.027453125000000078 0.11604166666666667
0 0.8516562499999999 0.06774305555555556 0.021749999999999936 0.10201388888888889
0 0.8354062500000001 0.06621527777777778 0.02128125000000001 0.09701388888888889
0 0.73284375 0.10858333333333334 0.019500000000000028 0.1285
0 0.74083984375 0.042069444444444444 0.021914062499999963 0.08413888888888889
0 0.690828125 0.052861111111111116 0.01978124999999995 0.09449999999999999
0 0.6729375 0.07740277777777778 0.014812500000000029 0.07036111111111111
0 0.5800703125 0.09818055555555555 0.02204687500000002 0.09669444444444444
0 0.639421875 0.17383333333333334 0.026906249999999955 0.12666666666666665
0 0.62130859375 0.1953888888888889 0.019492187500000036 0.12505555555555553
0 0.5278007812500001 0.1664861111111111 0.02971093749999998 0.13036111111111112
0 0.4976484375 0.234625 0.03110937499999995 0.1260277777777778
0 0.47845312500000003 0.137125 0.019406250000000024 0.11602777777777777
0 0.48305468749999997 0.03834027777777778 0.017625000000000047 0.07668055555555556
0 0.4535390625 0.12304861111111111 0.021359375000000024 0.12362499999999998
0 0.43030468749999995 0.12769444444444444 0.027046875000000005 0.11572222222222221
0 0.3874375 0.043937500000000004 0.024343750000000018 0.08787500000000001
0 0.41140625000000003 0.021944444444444447 0.030156249999999975 0.043888888888888894
0 0.3851171875 0.2747916666666667 0.027734375 0.13458333333333333
0 0.31326953125 0.32266666666666666 0.03142968750000001 0.1282777777777778
0 0.3107578125 0.23680555555555555 0.024421874999999992 0.08333333333333333
0 0.20588281249999998 0.07190277777777777 0.028703124999999986 0.1056388888888889
0 0.19265625 0.018062500000000002 0.022812499999999993 0.036125000000000004
0 0.12626953125 0.08338194444444445 0.026835937500000018 0.10656944444444445
0 0.062796875 0.17614583333333333 0.025375 0.11087500000000002
0 0.0926484375 0.020555555555555556 0.016734375000000013 0.04111111111111111
0 0.98278125 0.7108819444444444 0.03443749999999994 0.17620833333333333
0 0.9944921875 0.14025 0.011015624999999928 0.08466666666666668
