0 0.0660625 0.8438611111111111 0.06396874999999999 0.16227777777777783
0 0.14210546875 0.5423541666666667 0.035476562499999996 0.1622361111111111
0 0.19319140625 0.5208541666666666 0.03346093749999999 0.13773611111111114
0 0.2163671875 0.5400694444444445 0.035546875 0.14625000000000002
0 0.22701953125000002 0.5018125 0.03064843749999997 0.11248611111111112
0 0.25140624999999994 0.5291805555555555 0.028750000000000008 0.12108333333333335
0 0.3694765625 0.5925625 0.03526562499999999 0.16904166666666665
0 0.4080351562500001 0.4262013888888889 0.030179687499999996 0.14537499999999998
0 0.61376953125 0.4725833333333333 0.03371093750000007 0.1270555555555556
0 0.60526953125 0.8579930555555555 0.047117187499999956 0.18595833333333348
0 0.7188085937500001 0.7384375 0.0595703125 0.15812500000000004
0 0.79981640625 0.5723055555555555 0.04333593750000002 0.15649999999999992
0 0.7894882812499999 0.4285763888888889 0.03867968749999999 0.153125
0 0.90518359375 0.2363958333333333 0.03661718749999991 0.13443055555555555
0 0.9545937500000001 0.22588888888888892 0.02809374999999985 0.12111111111111111
0 0.9202031250000001 0.14351388888888889 0.029468750000000023 0.09102777777777776
0 0.9539843749999999 0.020972222222222222 0.015781250000000035 0.041944444444444444
0 0.8885625000000001 0.08313194444444445 0.02884374999999988 0.11901388888888889
0 0.857046875 0.06927083333333334 0.019875000000000042 0.10562500000000001
0 0.83790625 0.07086805555555556 0.017531250000000043 0.09881944444444443
0 0.73030078125 0.1041875 0.018570312499999984 0.12106944444444442
0 0.73392578125 0.03284722222222222 0.0267578125 0.06569444444444444
0 0.68701171875 0.04673611111111111 0.02071093749999999 0.09347222222222222
0 0.6670234374999999 0.07502777777777778 0.017484374999999996 0.06633333333333334
0 0.57881640625 0.11216666666666668 0.023726562500000003 0.0976111111111111
0 0.63829296875 0.14597916666666666 0.02377343750000005 0.12470833333333332
0 0.62158984375 0.16551388888888888 0.025992187499999986 0.12211111111111111
0 0.52834375 0.1839375 0.030124999999999957 0.1274027777777778
0 0.497734375 0.2558125 0.029531249999999964 0.12920833333333334
0 0.48482812499999994 0.11511111111111111 0.018093749999999974 0.11388888888888889
0 0.4847890625 0.03743055555555556 0.01989062500000003 0.07486111111111111
0 0.45207031250000007 0.1139513888888889 0.021796874999999983 0.12181944444444445
0 0.42355468749999997 0.11645833333333333 0.018359375 0.12375000000000001
0 0.38877734375 0.03319444444444444 0.024585937500000023 0.06638888888888889
0 0.438296875 0.021041666666666667 0.038406249999999975 0.042083333333333334
0 0.37980468749999996 0.2422152777777778 0.029609375000000028 0.13584722222222226
0 0.31162890625 0.3414305555555555 0.03263281249999998 0.1296388888888889
0 0.3122421875 0.2545486111111111 0.025734374999999997 0.08618055555555557
0 0.21323828125 0.05013888888888889 0.022273437499999993 0.10027777777777779
0 0.15133984375 0.060291666666666674 0.03450781250000001 0.10691666666666667
0 0.059371093750000006 0.17027777777777778 0.0256328125 0.10999999999999999
0 0.9708867187499999 0.6460208333333333 0.043960937499999984 0.16212500000000002
0 0.9928515625 0.14648611111111112 0.014296874999999964 0.09008333333333333
