0 0.07184375 0.8579097222222222 0.051000000000000004 0.16918055555555564
0 0.13805078124999998 0.5738263888888888 0.04124218749999999 0.15401388888888895
0 0.192 0.5181041666666666 0.032328125 0.13881944444444444
0 0.2143671875 0.5381388888888889 0.03798437499999998 0.14649999999999994
0 0.22506640625000002 0.5004027777777778 0.031117187499999987 0.11247222222222217
0 0.2513671875 0.5291805555555555 0.028749999999999963 0.12108333333333335
0 0.37117187500000004 0.5448402777777778 0.03453124999999999 0.16390277777777784
0 0.4091796875 0.39324305555555555 0.02920312500000004 0.1409861111111111
0 0.6132500000000001 0.44479166666666664 0.03634374999999999 0.12425000000000005
0 0.59876171875 0.8069930555555557 0.04757031249999999 0.1880138888888889
0 0.6965312499999999 0.7423263888888889 0.040718750000000005 0.16876388888888888
0 0.8088046875 0.6093680555555555 0.04368750000000006 0.1568194444444444
0 0.8004101562500001 0.4670347222222222 0.03828906249999999 0.1567083333333333
0 0.9119765624999999 0.2594444444444445 0.03667187500000004 0.13727777777777778
0 0.9599726562500001 0.24722222222222223 0.03338281250000001 0.12416666666666663
0 0.9215703124999999 0.16283333333333333 0.031234375000000016 0.10177777777777777
0 0.9534453124999999 0.01986111111111111 0.01451562500000012 0.03972222222222222
0 0.89073828125 0.09749305555555557 0.028726562499999986 0.11940277777777777
0 0.8585820312499999 0.07294444444444444 0.020132812499999986 0.10269444444444444
0 0.8403046875 0.07617361111111111 0.020265625000000044 0.09809722222222221
0 0.72996484375 0.10239583333333332 0.018570312499999984 0.12106944444444445
0 0.7294101562499999 0.03916666666666667 0.026601562499999964 0.07833333333333334
0 0.6844882812499999 0.04634722222222222 0.01880468749999995 0.09230555555555554
0 0.6645546875 0.07378472222222222 0.01604687499999997 0.06798611111111111
0 0.5825546875000001 0.12672222222222224 0.022109375000000053 0.09836111111111112
0 0.63437109375 0.12552083333333333 0.02377343750000005 0.11945833333333332
0 0.620125 0.14855555555555558 0.024046874999999978 0.12177777777777779
0 0.5294296875000001 0.20151388888888888 0.03178124999999996 0.1358611111111111
0 0.49610937499999996 0.2759236111111111 0.030390624999999984 0.1327361111111111
0 0.4914179687500001 0.09869444444444445 0.02022656249999999 0.1131111111111111
0 0.4862265625 0.03863888888888889 0.01989062500000003 0.07727777777777778
0 0.451171875 0.11276388888888889 0.021250000000000036 0.12147222222222223
0 0.42307812499999997 0.10975694444444445 0.021156250000000033 0.12148611111111111
0 0.39044140625 0.025354166666666664 0.025507812500000025 0.05070833333333333
0 0.46247265624999995 0.01920138888888889 0.02700781250000004 0.03745833333333333
0 0.37983984375 0.21713194444444445 0.0275390625 0.13281944444444446
0 0.31594921875 0.36496527777777776 0.034601562500000016 0.12793055555555555
0 0.31207421874999997 0.2709166666666667 0.02566406250000002 0.09005555555555556
0 0.22287890624999998 0.04022222222222222 0.026429687499999986 0.08044444444444444
0 0.16304687499999998 0.04766666666666667 0.022968750000000003 0.09533333333333334
0 0.058515625 0.16895833333333335 0.02515625 0.10736111111111113
0 0.949578125 0.6127083333333333 0.04731249999999996 0.1693055555555556
0 0.9926875 0.1607222222222222 0.014625000000000022 0.09494444444444444
