0 0.06473046875 0.8374930555555555 0.06897656249999999 0.15701388888888881
0 0.14565234375 0.5278541666666666 0.0390078125 0.15484722222222225
0 0.1937578125 0.5229513888888888 0.032328125 0.1375416666666667
0 0.21724609374999998 0.5420972222222222 0.035039062499999996 0.14775
0 0.228703125 0.503 0.030609375000000005 0.11119444444444444
0 0.25183203125000003 0.5313194444444445 0.028773437499999988 0.12277777777777775
0 0.36962109375 0.6119375 0.037101562500000004 0.1741805555555556
0 0.40823046874999996 0.4405277777777778 0.028945312499999966 0.14586111111111108
0 0.61494921875 0.48667361111111107 0.03372656250000006 0.1330416666666667
0 0.60975390625 0.8899027777777778 0.047273437499999994 0.20325000000000004
0 0.73959375 0.7391597222222221 0.04153124999999998 0.15923611111111108
0 0.79569140625 0.5627847222222222 0.04099218750000002 0.15679166666666663
0 0.7866640625000001 0.40904861111111107 0.03626562500000006 0.1419027777777778
0 0.9041523437500001 0.23077777777777778 0.03630468750000002 0.13816666666666666
0 0.95476171875 0.21996527777777777 0.029054687500000044 0.12159722222222223
0 0.9191914062500001 0.1367986111111111 0.03019531250000007 0.09334722222222222
0 0.9547343749999999 0.021083333333333332 0.015781250000000035 0.042166666666666665
0 0.8890664062500001 0.08246527777777778 0.02885156250000005 0.11901388888888889
0 0.8547343749999999 0.06534027777777777 0.024125000000000084 0.09931944444444443
0 0.83828125 0.07109027777777778 0.01765624999999993 0.10081944444444445
0 0.7308789062500001 0.10568055555555556 0.018851562499999995 0.12341666666666666
0 0.73679296875 0.03885416666666667 0.02516406250000003 0.07770833333333334
0 0.68737109375 0.04793055555555555 0.02071093749999999 0.0948611111111111
0 0.6682421875 0.07708333333333334 0.01704687499999995 0.06622222222222224
0 0.5787578124999999 0.10953472222222221 0.02510937499999999 0.10065277777777777
0 0.63867578125 0.1497777777777778 0.02530468750000008 0.1213611111111111
0 0.622765625 0.17304166666666668 0.02759374999999995 0.12211111111111113
0 0.52834375 0.174125 0.030124999999999957 0.12313888888888887
0 0.49615234375000006 0.2507291666666666 0.02902343749999998 0.1317361111111111
0 0.483703125 0.11991666666666667 0.018093750000000065 0.11388888888888889
0 0.48330078125 0.04109722222222222 0.018664062500000078 0.08219444444444444
0 0.45249218750000003 0.11661111111111112 0.02145312499999994 0.12072222222222223
0 0.42476562500000004 0.12041666666666667 0.018937500000000006 0.1207222222222222
0 0.3901640625 0.03471527777777778 0.026859374999999998 0.06943055555555556
0 0.43244531249999996 0.021319444444444443 0.027296875000000043 0.042638888888888886
0 0.38273046875 0.24607638888888891 0.028257812500000014 0.130125
0 0.31211328125 0.34046527777777774 0.031132812500000016 0.1337916666666667
0 0.31237109375 0.2494097222222222 0.02530468749999999 0.08934722222222224
0 0.21091406250000003 0.051083333333333335 0.021765624999999966 0.10216666666666667
0 0.1983515625 0.01347222222222222 0.01532812499999998 0.02694444444444444
0 0.1428203125 0.06602777777777778 0.026078124999999997 0.10775
0 0.06014453125 0.17225 0.025210937500000002 0.10916666666666666
0 0.9764843750000001 0.6731944444444445 0.04703125000000004 0.18194444444444452
0 0.9933515625 0.147375 0.013296874999999986 0.09186111111111112
