0 0.06941015625 0.8459930555555556 0.055804687500000005 0.16059722222222222
0 0.1395546875 0.5659652777777778 0.037453125 0.16612500000000002
0 0.19208984375 0.5190694444444445 0.03233593749999999 0.13880555555555554
0 0.21522265625 0.539138888888889 0.03680468750000001 0.1463055555555556
0 0.22504296875000002 0.5004305555555556 0.031320312500000023 0.11247222222222225
0 0.25140624999999994 0.5291805555555555 0.028750000000000008 0.12108333333333335
0 0.36947656249999994 0.5753055555555556 0.03685937500000001 0.1796666666666666
0 0.4087734375 0.4149930555555555 0.02917187499999998 0.15168055555555554
0 0.6132265625000001 0.4612569444444445 0.035640625 0.1321527777777778
0 0.6015820312500001 0.8265763888888888 0.04777343749999998 0.18273611111111102
0 0.7077773437499999 0.7364236111111111 0.054445312499999954 0.15976388888888893
0 0.8039804687500001 0.6013541666666667 0.042320312500000054 0.16770833333333332
0 0.795546875 0.4440416666666667 0.03775000000000004 0.1469166666666667
0 0.9071093749999999 0.24448611111111113 0.03956250000000008 0.13380555555555554
0 0.957640625 0.2295625 0.030187499999999902 0.11754166666666666
0 0.92076953125 0.15319444444444444 0.03013281249999995 0.09094444444444442
0 0.95356640625 0.01986111111111111 0.0146484375 0.03972222222222222
0 0.8890156250000001 0.0922638888888889 0.028156249999999973 0.12075
0 0.8577109374999999 0.07154861111111112 0.020046875000000065 0.10298611111111113
0 0.8387812499999999 0.07127083333333332 0.01878125000000015 0.09595833333333334
0 0.73009765625 0.1031111111111111 0.018570312499999984 0.12105555555555556
0 0.73080859375 0.0328125 0.02600781250000006 0.06509722222222222
0 0.68575 0.04665972222222222 0.018812499999999944 0.0932361111111111
0 0.66545703125 0.07425 0.016054687499999963 0.06666666666666665
0 0.5810000000000001 0.12184722222222223 0.022249999999999926 0.10061111111111111
0 0.6356093749999999 0.13724999999999998 0.023765624999999967 0.1255
0 0.6206328125 0.1513125 0.025203124999999993 0.11787499999999998
0 0.52901953125 0.1900625 0.03169531249999995 0.12743055555555555
0 0.497640625 0.2629375 0.030453125000000015 0.12856944444444443
0 0.48815624999999996 0.1030763888888889 0.01903125000000001 0.10865277777777776
0 0.48514843750000003 0.033944444444444444 0.01989062500000003 0.06788888888888889
0 0.45150000000000007 0.11278472222222222 0.021718750000000054 0.12181944444444445
0 0.42300000000000004 0.1120138888888889 0.019750000000000066 0.12213888888888888
0 0.3891640625 0.029340277777777778 0.02317187500000002 0.058680555555555555
0 0.45098046875 0.02048611111111111 0.014289062499999972 0.04097222222222222
0 0.37896875 0.22204166666666666 0.02917187499999998 0.1276111111111111
0 0.31391796875 0.3570486111111111 0.03538281249999997 0.13534722222222226
0 0.31179296875 0.2631597222222223 0.0259765625 0.08929166666666666
0 0.21653125 0.04361111111111111 0.020218749999999997 0.08722222222222221
0 0.15930859375 0.05444444444444445 0.0312265625 0.10463888888888889
0 0.05895312500000001 0.17001388888888888 0.026031250000000006 0.1094722222222222
0 0.9553046875 0.6309930555555555 0.05521875000000005 0.17343055555555556
0 0.992546875 0.1559583333333333 0.014906249999999944 0.09988888888888889
