0 0.07030468749999999 0.8470763888888888 0.053734375 0.15723611111111116
0 0.13846093750000002 0.5685486111111111 0.038078124999999984 0.16151388888888893
0 0.1920390625 0.5185208333333334 0.032328125 0.13881944444444444
0 0.214734375 0.5386319444444444 0.03728125000000002 0.14640277777777774
0 0.22504296875000002 0.5004305555555556 0.031320312500000023 0.11247222222222225
0 0.25140624999999994 0.5291805555555555 0.028750000000000008 0.12108333333333335
0 0.37059765625 0.5589375 0.03563281250000001 0.16676388888888896
0 0.40892578124999995 0.40519444444444447 0.029179687500000016 0.14652777777777778
0 0.6132890625 0.45305555555555554 0.035640625 0.129
0 0.6004179687500001 0.8208194444444444 0.047914062500000035 0.18824999999999995
0 0.7015898437500001 0.737875 0.04505468749999997 0.1630555555555556
0 0.8059609375000001 0.6061875 0.04300000000000006 0.1627083333333333
0 0.7973945312499999 0.4514861111111111 0.0378828125000001 0.1479444444444444
0 0.90906640625 0.25227777777777777 0.03791406249999998 0.13780555555555554
0 0.9583046875000001 0.23820833333333333 0.03132812500000011 0.12311111111111113
0 0.92102734375 0.15674305555555554 0.030648437500000014 0.0957361111111111
0 0.9535625 0.01986111111111111 0.014468749999999985 0.03972222222222222
0 0.8896523437500001 0.09463194444444445 0.028429687500000078 0.12045833333333333
0 0.8580859375 0.07209027777777778 0.020046875000000065 0.10298611111111113
0 0.839328125 0.0734375 0.019187499999999958 0.09695833333333334
0 0.73003125 0.10275000000000001 0.018562500000000082 0.12105555555555556
0 0.7302500000000001 0.03463888888888889 0.02614062500000003 0.069
0 0.6851171875000001 0.04650694444444444 0.01881250000000003 0.09276388888888888
0 0.6650078125000001 0.07401388888888889 0.01604687499999997 0.06733333333333334
0 0.58176953125 0.1250763888888889 0.02178906249999999 0.10020833333333334
0 0.63511328125 0.129875 0.02377343749999996 0.11858333333333333
0 0.62046875 0.14997916666666666 0.024624999999999987 0.11820833333333332
0 0.52917578125 0.19166666666666668 0.03182031250000002 0.12583333333333335
0 0.49699218749999996 0.2695486111111111 0.030453125000000015 0.13256944444444446
0 0.49024999999999996 0.10153472222222223 0.02084375000000005 0.11115277777777778
0 0.48568750000000005 0.034472222222222224 0.01989062499999994 0.06894444444444445
0 0.45129687500000004 0.11278472222222222 0.02156250000000002 0.12181944444444445
0 0.4229843750000001 0.11114583333333335 0.02034375000000006 0.12231944444444444
0 0.38946875 0.027465277777777776 0.024406250000000008 0.05493055555555555
0 0.45922656249999994 0.019979166666666666 0.020296874999999926 0.03995833333333333
0 0.3792265625 0.21884722222222222 0.028312499999999963 0.12938888888888891
0 0.31487890625 0.3617708333333334 0.0352109375 0.1340416666666667
0 0.31187890625 0.2663263888888889 0.02586718750000001 0.09029166666666666
0 0.219140625 0.04069444444444444 0.02318749999999996 0.08138888888888889
0 0.16086328125 0.05025694444444444 0.02811718750000001 0.098375
0 0.058734375000000005 0.16948611111111112 0.025593750000000005 0.10841666666666668
0 0.9523515625 0.6250694444444443 0.05282812499999991 0.17397222222222214
0 0.9925625 0.15870833333333334 0.014874999999999972 0.09897222222222223
