0 0.0679921875 0.8444999999999999 0.059578124999999996 0.16227777777777783
0 0.1413046875 0.5528611111111111 0.036140624999999996 0.16155555555555562
0 0.19276171875 0.52025 0.0330078125 0.1381666666666667
0 0.21600390625000002 0.5397916666666667 0.0359609375 0.14625000000000002
0 0.22623046875000002 0.5012569444444444 0.030914062499999995 0.11248611111111105
0 0.25140624999999994 0.5291805555555555 0.028750000000000008 0.12108333333333335
0 0.36925390625 0.5890416666666667 0.036148437499999984 0.1760833333333333
0 0.40830078125 0.42293749999999997 0.029773437499999965 0.14745833333333336
0 0.6135390624999999 0.4699305555555556 0.03448437499999999 0.12925
0 0.60402734375 0.834375 0.04735156250000001 0.1665277777777779
0 0.7129375 0.7373402777777778 0.062437499999999965 0.15812499999999996
0 0.8010859374999999 0.586875 0.04279687499999998 0.16791666666666663
0 0.7915390625000001 0.43999999999999995 0.038281250000000086 0.15666666666666668
0 0.9055624999999999 0.23758333333333334 0.038124999999999964 0.1323888888888889
0 0.9556796875 0.22624305555555557 0.028703125000000006 0.11979166666666669
0 0.9203749999999999 0.14668055555555556 0.029625000000000058 0.09002777777777779
0 0.9538203124999999 0.020527777777777777 0.015359375000000064 0.041055555555555553
0 0.8886171875000001 0.0854375 0.028515625 0.11801388888888889
0 0.8572382812499999 0.07007638888888888 0.01994531249999998 0.10456944444444444
0 0.8381484374999999 0.07059722222222221 0.017953125000000014 0.09747222222222224
0 0.73023046875 0.10382638888888888 0.018570312500000075 0.12106944444444445
0 0.7327890625 0.03247222222222222 0.026437500000000023 0.06466666666666666
0 0.6866328125 0.04673611111111111 0.01995312499999997 0.09347222222222222
0 0.66648828125 0.07476388888888888 0.016914062499999983 0.06633333333333333
0 0.5795351562500001 0.11322222222222224 0.023226562499999926 0.0955
0 0.63731640625 0.14311805555555557 0.02377343750000005 0.12470833333333332
0 0.6212382812499999 0.1601041666666667 0.02578906250000008 0.12034722222222222
0 0.52858203125 0.18866666666666668 0.030726562500000033 0.13294444444444442
0 0.49782421875000005 0.25629166666666664 0.029898437499999986 0.12677777777777777
0 0.48586328125 0.10972222222222222 0.01835156250000001 0.1095277777777778
0 0.48482812499999994 0.035277777777777776 0.01989062499999994 0.07055555555555555
0 0.45188281250000006 0.11348611111111112 0.021796874999999983 0.12180555555555556
0 0.4233359375 0.11485416666666666 0.018796874999999956 0.12306944444444444
0 0.38887109375 0.03267361111111111 0.023773437500000005 0.06534722222222222
0 0.44272656250000003 0.020444444444444446 0.030140625000000032 0.04088888888888889
0 0.37883203125 0.23520833333333332 0.03078906250000002 0.13219444444444445
0 0.3123515625 0.34629166666666666 0.03376562500000002 0.1313055555555556
0 0.312046875 0.25736111111111115 0.025859375000000018 0.0872222222222222
0 0.2154375 0.04861111111111111 0.02365624999999998 0.09722222222222222
0 0.15544921875 0.058791666666666666 0.03628906249999999 0.10725
0 0.059246093750000006 0.17027777777777778 0.0258828125 0.10999999999999999
0 0.9657773437500001 0.637625 0.047585937500000064 0.16308333333333327
0 0.9927265625 0.14949305555555553 0.014546874999999914 0.0937361111111111
