0 0.05105859374999999 0.8320486111111112 0.05541406249999999 0.16393055555555566
0 0.14912890625 0.5100138888888889 0.040617187500000006 0.15675000000000003
0 0.1948828125 0.5252291666666666 0.030406250000000013 0.1375972222222222
0 0.21866406249999998 0.5456666666666666 0.03693749999999998 0.14833333333333326
0 0.23115625 0.5061388888888889 0.02698437499999997 0.11077777777777777
0 0.25388671875 0.5335347222222222 0.028929687500000023 0.12301388888888888
0 0.37036328125 0.6473680555555555 0.03947656249999998 0.1784861111111111
0 0.41012109375000005 0.46420833333333333 0.029523437500000017 0.15019444444444444
0 0.6134257812499999 0.5077222222222222 0.03569531249999995 0.13311111111111115
0 0.61832421875 0.9099930555555554 0.05022656250000006 0.17348611111111106
0 0.75073828125 0.7398194444444446 0.05558593749999998 0.1640277777777778
0 0.78964453125 0.5427777777777777 0.04146093749999995 0.15944444444444447
0 0.779671875 0.3969236111111111 0.03518749999999997 0.1531805555555556
0 0.90008203125 0.21845833333333337 0.03530468750000004 0.12816666666666668
0 0.95225 0.20531249999999998 0.03140625000000004 0.11715277777777777
0 0.9171484374999999 0.13790972222222223 0.02904687500000005 0.10751388888888888
0 0.9569921875 0.022625 0.016328125000000072 0.04525
0 0.8894414062500001 0.07604861111111111 0.02732031250000002 0.12004166666666667
0 0.8525625 0.06685416666666667 0.024312499999999914 0.10134722222222223
0 0.8377812500000001 0.06815972222222222 0.018406250000000134 0.10045833333333333
0 0.73213671875 0.10656249999999999 0.017539062500000036 0.12490277777777777
0 0.74072265625 0.04108333333333333 0.023898437499999935 0.08216666666666667
0 0.689703125 0.050736111111111114 0.01978125000000004 0.09449999999999999
0 0.671625 0.07829166666666668 0.01481249999999994 0.07036111111111111
0 0.5805468749999999 0.10035416666666666 0.021390624999999996 0.09731944444444446
0 0.6388515625 0.16825 0.025937500000000037 0.12813888888888889
0 0.6227031249999999 0.1813958333333333 0.02553124999999996 0.1177638888888889
0 0.5285781249999999 0.17045833333333335 0.03010937500000006 0.1295277777777778
0 0.49696093750000003 0.23695833333333333 0.029328124999999972 0.12402777777777778
0 0.48071093749999994 0.12736805555555555 0.018796875000000046 0.11331944444444444
0 0.48305468749999997 0.03826388888888889 0.017625000000000047 0.07652777777777778
0 0.4535390625 0.12091666666666667 0.021359375000000024 0.12361111111111112
0 0.4286171875000001 0.1248888888888889 0.022171874999999997 0.11755555555555558
0 0.38839453125 0.042770833333333334 0.02680468749999996 0.08554166666666667
0 0.4135546875 0.022555555555555554 0.02835937500000001 0.04511111111111111
0 0.3855234375 0.2696805555555556 0.029546874999999993 0.13791666666666663
0 0.3132265625 0.32825 0.03089062499999997 0.1295555555555556
0 0.31163281249999997 0.24102777777777776 0.024421874999999992 0.08333333333333333
0 0.20857421875 0.06668055555555556 0.026710937499999997 0.1076388888888889
0 0.19424999999999998 0.01638888888888889 0.020624999999999984 0.03277777777777778
0 0.1343125 0.07982638888888889 0.028984374999999996 0.10856944444444444
0 0.061726562500000005 0.17445833333333333 0.025859375 0.10883333333333331
0 0.09471875 0.016805555555555556 0.010093750000000002 0.03361111111111111
0 0.9824921875000001 0.6904791666666666 0.03501562499999995 0.1709861111111112
0 0.9944921875 0.13897222222222222 0.011015624999999928 0.0815
