0 0.04641015625 0.8276944444444445 0.05677343749999999 0.17458333333333323
0 0.152078125 0.4872361111111111 0.036375000000000005 0.15402777777777774
0 0.19396484375 0.5275347222222222 0.02950781250000003 0.13543055555555555
0 0.2171796875 0.5487430555555556 0.03878125000000001 0.14831944444444448
0 0.23003125 0.5090763888888888 0.028281250000000036 0.11043055555555562
0 0.25410937499999997 0.5360208333333334 0.02951562499999998 0.1222361111111111
0 0.36873828125 0.6793819444444444 0.0389609375 0.18020833333333333
0 0.4111328125 0.4875555555555555 0.03445312499999997 0.15566666666666665
0 0.6117734374999999 0.5304513888888889 0.03814062500000004 0.13584722222222223
0 0.6206875000000001 0.934048611111111 0.05392187499999999 0.1319027777777778
0 0.76037890625 0.7380972222222223 0.059632812500000035 0.17194444444444454
0 0.7843515625 0.5216527777777777 0.04046874999999987 0.15555555555555556
0 0.774453125 0.37388194444444445 0.03484375000000002 0.14812499999999998
0 0.89424609375 0.20584722222222224 0.03683593750000007 0.12755555555555553
0 0.9496953125 0.19877777777777778 0.03025000000000002 0.12066666666666666
0 0.9137656249999999 0.12699305555555557 0.030281249999999992 0.10626388888888888
0 0.9571484375000001 0.02423611111111111 0.016015625 0.04847222222222222
0 0.8862656250000001 0.07088888888888889 0.026968749999999986 0.11841666666666667
0 0.8509609375 0.06693055555555556 0.021078125000000014 0.10188888888888889
0 0.8342656250000001 0.06702777777777777 0.020656249999999866 0.09863888888888889
0 0.73284375 0.10858333333333334 0.019500000000000028 0.1285
0 0.74033984375 0.042069444444444444 0.020914062499999986 0.08413888888888889
0 0.691171875 0.05352777777777778 0.01928124999999996 0.09450000000000001
0 0.67378125 0.07848611111111112 0.01481249999999994 0.07036111111111111
0 0.5796093750000001 0.09307638888888889 0.021781249999999995 0.09531944444444444
0 0.6397031249999999 0.17902777777777779 0.026906249999999955 0.12666666666666668
0 0.62006640625 0.19847916666666668 0.022148437500000017 0.12259722222222222
0 0.5271757812500001 0.1605902777777778 0.030382812499999988 0.12679166666666666
0 0.49798046874999996 0.22725694444444444 0.03019531249999998 0.12468055555555554
0 0.4769609375 0.139875 0.02126562500000002 0.11533333333333332
0 0.48164843749999997 0.03871527777777778 0.017624999999999957 0.07743055555555556
0 0.45427343750000004 0.12446527777777779 0.021375000000000012 0.12204166666666667
0 0.42934765625000004 0.13040277777777778 0.026148437499999934 0.11672222222222221
0 0.38785546875000004 0.051354166666666666 0.0256328125 0.09165277777777778
0 0.4056640625 0.023625000000000004 0.024921875000000027 0.04725000000000001
0 0.38430468749999996 0.2843819444444444 0.02989062500000004 0.13720833333333332
0 0.31219140625 0.3191597222222222 0.030960937499999997 0.12704166666666664
0 0.309890625 0.23182638888888887 0.02459374999999997 0.08315277777777778
0 0.20139843750000003 0.07499305555555556 0.024312500000000025 0.10526388888888888
0 0.19068749999999998 0.0200625 0.02215624999999999 0.040125
0 0.12362500000000001 0.09143055555555556 0.031421875 0.10969444444444443
0 0.06247265625 0.17757638888888888 0.025382812499999997 0.11087500000000002
0 0.09024609374999999 0.02347222222222222 0.019914062499999996 0.04694444444444444
0 0.9941679687499999 0.1386527777777778 0.01166406250000005 0.08786111111111111
