0 0.0638203125 0.8359027777777777 0.06907812500000002 0.15569444444444447
0 0.14653906249999998 0.5265000000000001 0.039890625 0.15755555555555556
0 0.19390234374999998 0.5234791666666666 0.03203906249999999 0.13748611111111103
0 0.21746484375000003 0.5426041666666667 0.034914062499999995 0.14812499999999998
0 0.22912499999999997 0.5032916666666667 0.03059375000000002 0.1108611111111111
0 0.25193750000000004 0.5318472222222221 0.02878124999999998 0.12319444444444443
0 0.36965624999999996 0.6204722222222222 0.037562499999999985 0.1787777777777778
0 0.40827734375 0.44700000000000006 0.028632812499999983 0.15177777777777782
0 0.6152421875 0.4918819444444444 0.03373437500000005 0.13512500000000002
0 0.6108710937499999 0.8928125 0.04732031250000004 0.19743055555555553
0 0.7413203125 0.7388472222222222 0.04173437500000006 0.1595277777777777
0 0.79465625 0.56175 0.04040625000000002 0.15955555555555556
0 0.7859609375 0.4073819444444444 0.03567187499999989 0.14551388888888886
0 0.9038945312500001 0.2284513888888889 0.036226562500000094 0.1372638888888889
0 0.9548046875 0.2165277777777778 0.029296875 0.12111111111111111
0 0.9189375 0.13511805555555556 0.030375000000000086 0.09393055555555554
0 0.9549218750000001 0.021111111111111112 0.015781250000000035 0.042222222222222223
0 0.8891914062499999 0.0822986111111111 0.02885156250000005 0.11901388888888889
0 0.8541562500000002 0.06538194444444445 0.02518750000000001 0.09979166666666665
0 0.8383749999999999 0.07114583333333334 0.017687500000000078 0.10131944444444445
0 0.7310234375 0.10605555555555556 0.018921875000000022 0.124
0 0.7375078125 0.03902777777777778 0.024765625000000034 0.07805555555555556
0 0.6874609375 0.048236111111111105 0.020703125 0.09519444444444446
0 0.66855078125 0.07759722222222223 0.016945312500000042 0.06619444444444444
0 0.5787421875 0.108875 0.02545312500000003 0.10141666666666668
0 0.63890625 0.15209722222222222 0.025687499999999995 0.12052777777777778
0 0.6230625 0.17491666666666666 0.028000000000000025 0.12211111111111111
0 0.52834375 0.17302083333333335 0.030124999999999957 0.12479166666666666
0 0.49575781249999995 0.2487222222222222 0.028890624999999927 0.13088888888888886
0 0.483421875 0.1211111111111111 0.018093749999999974 0.11388888888888887
0 0.4829296875 0.04201388888888889 0.018359375 0.08402777777777778
0 0.45260156249999994 0.11727083333333334 0.021359375000000024 0.12045833333333332
0 0.42507031249999994 0.12140277777777778 0.019078124999999967 0.11997222222222222
0 0.3905078125 0.036368055555555556 0.027421874999999974 0.07273611111111111
0 0.42982812500000006 0.021388888888888888 0.022218749999999954 0.042777777777777776
0 0.3834609375 0.24704166666666666 0.027921875000000006 0.12869444444444444
0 0.31223046875 0.3402222222222222 0.03075781249999996 0.13483333333333336
0 0.31240234375 0.24812499999999996 0.0251953125 0.0901388888888889
0 0.2105 0.051319444444444445 0.021968750000000002 0.10263888888888889
0 0.1983515625 0.01347222222222222 0.01532812499999998 0.02694444444444444
0 0.14210546875 0.06921527777777778 0.027507812500000006 0.10795833333333334
0 0.06033984375 0.17275 0.025101562499999997 0.10894444444444444
0 0.9764843750000001 0.6779097222222222 0.04703125000000004 0.18501388888888895
0 0.9934765625 0.14759722222222224 0.013046875000000036 0.09230555555555554
