0 0.04523828125 0.8251666666666667 0.0587421875 0.17658333333333348
0 0.1536328125 0.48559722222222224 0.035687500000000004 0.15822222222222215
0 0.1936484375 0.5283333333333333 0.029515625 0.13541666666666666
0 0.2171328125 0.549625 0.03878124999999999 0.14833333333333334
0 0.22980859374999998 0.5097916666666666 0.028273437499999998 0.11041666666666666
0 0.25406249999999997 0.5365763888888888 0.02951562499999998 0.1222361111111111
0 0.3668359375 0.6952986111111111 0.04190624999999999 0.18656944444444443
0 0.40973046874999997 0.49797222222222226 0.03766406249999994 0.1581388888888889
0 0.6117734374999999 0.5404166666666667 0.03787499999999992 0.14152777777777784
0 0.6203046875 0.9398541666666665 0.055625000000000036 0.12029166666666669
0 0.762921875 0.7379097222222223 0.05918749999999999 0.1744305555555556
0 0.7830859375 0.5191736111111112 0.04120312500000001 0.15954166666666666
0 0.7714453125 0.37228472222222225 0.03528124999999997 0.15245833333333333
0 0.89275390625 0.2005138888888889 0.037867187500000024 0.12475000000000001
0 0.94928125 0.1949097222222222 0.029890624999999994 0.12131944444444444
0 0.91232421875 0.11810416666666666 0.03091406249999995 0.09270833333333334
0 0.9571484375000001 0.02423611111111111 0.016015625 0.04847222222222222
0 0.8851445312500001 0.07090277777777777 0.02664843749999992 0.12000000000000001
0 0.85049609375 0.0663888888888889 0.020632812499999886 0.10180555555555555
0 0.83350390625 0.06756944444444445 0.020242187499999887 0.09972222222222221
0 0.73284375 0.10858333333333334 0.019500000000000028 0.1285
0 0.7400039062499999 0.042069444444444444 0.020242187499999974 0.08413888888888889
0 0.69140234375 0.05397222222222222 0.0189453125 0.09449999999999999
0 0.67434375 0.07920833333333334 0.014812500000000029 0.07036111111111111
0 0.57930078125 0.08966666666666667 0.02160156250000007 0.0943888888888889
0 0.6398906249999999 0.1825 0.026906249999999955 0.12666666666666668
0 0.61923828125 0.20054166666666665 0.023914062499999923 0.12097222222222222
0 0.52676171875 0.15666666666666668 0.030820312500000037 0.12438888888888891
0 0.49819921874999995 0.22234722222222222 0.029585937500000003 0.12380555555555556
0 0.47596875 0.14170833333333333 0.022499999999999964 0.1148611111111111
0 0.48071093749999994 0.03896527777777778 0.017625000000000047 0.07793055555555556
0 0.45476562499999995 0.12540277777777778 0.021375000000000012 0.12100000000000001
0 0.4287109375 0.13220138888888888 0.025546875000000035 0.11740277777777776
0 0.3881328125 0.05629166666666667 0.026484374999999984 0.09416666666666668
0 0.39645312499999996 0.024743055555555556 0.011093749999999947 0.04948611111111111
0 0.38376171875000004 0.29078472222222224 0.03132031249999998 0.13895833333333332
0 0.31146875 0.3168194444444445 0.030640625000000022 0.12625
0 0.3093125 0.22849999999999998 0.024703125000000003 0.08302777777777778
0 0.1988828125 0.07908333333333332 0.022953124999999998 0.105
0 0.18937500000000002 0.021395833333333333 0.02171875000000001 0.042791666666666665
0 0.12185937499999999 0.09679166666666666 0.034468750000000006 0.11177777777777778
0 0.06226171874999999 0.17853472222222225 0.025382812499999997 0.11087500000000002
0 0.088640625 0.025416666666666667 0.022031250000000002 0.050833333333333335
0 0.9939492187500001 0.13758333333333334 0.012101562500000006 0.09000000000000001
