0 0.058371093750000005 0.8336736111111112 0.0646640625 0.15948611111111102
0 0.1481875 0.5247916666666667 0.04081250000000001 0.16208333333333333
0 0.19455859375 0.5243611111111111 0.031195312500000006 0.13788888888888892
0 0.21839843750000001 0.5441805555555556 0.035859374999999985 0.14825000000000002
0 0.23046093750000002 0.5047222222222222 0.02823437499999999 0.1108611111111111
0 0.25306249999999997 0.5326111111111111 0.02878124999999998 0.12319444444444443
0 0.37012890625 0.6367569444444445 0.03899218750000002 0.1837083333333334
0 0.40928515625 0.45719444444444446 0.028632812500000028 0.15177777777777773
0 0.6143984375 0.5008541666666667 0.03448437499999999 0.1360694444444445
0 0.61455078125 0.9005208333333333 0.04867968749999996 0.18609722222222225
0 0.744921875 0.7396458333333334 0.046250000000000034 0.16159722222222225
0 0.79215625 0.5550486111111111 0.041359375000000045 0.1620416666666667
0 0.7831523437500001 0.40672222222222226 0.035507812500000034 0.15183333333333332
0 0.9027499999999999 0.22140972222222222 0.03567187499999989 0.12748611111111113
0 0.95380078125 0.2096041666666667 0.030179687500000087 0.11773611111111112
0 0.9180468749999999 0.13424305555555555 0.029531249999999964 0.09484722222222225
0 0.9561406250000001 0.021777777777777778 0.01615625000000005 0.043555555555555556
0 0.8895664062499999 0.07971527777777777 0.027914062500000014 0.12101388888888888
0 0.8533359375 0.06613194444444445 0.025046874999999958 0.100625
0 0.8383749999999999 0.06964583333333334 0.017687500000000078 0.10131944444444445
0 0.7315859375 0.10605555555555556 0.017796875000000066 0.124
0 0.7393046875 0.04011111111111111 0.024765624999999947 0.08022222222222222
0 0.688640625 0.049416666666666664 0.020156250000000053 0.0947777777777778
0 0.67019921875 0.07940277777777778 0.015664062499999964 0.07119444444444444
0 0.5796523437500001 0.10380555555555557 0.02341406250000002 0.0985
0 0.6390234375 0.16188194444444445 0.025687499999999995 0.12909722222222222
0 0.62280859375 0.17735416666666665 0.02692968749999993 0.11856944444444444
0 0.5286015624999999 0.17208333333333334 0.030171875000000004 0.1275
0 0.496375 0.24114583333333334 0.028890625000000014 0.12506944444444446
0 0.4821328125 0.12286111111111112 0.018421874999999942 0.11205555555555556
0 0.48300390625 0.03918055555555556 0.01791406250000005 0.07836111111111112
0 0.45316406249999996 0.11947916666666668 0.021359375000000024 0.12168055555555557
0 0.42572656249999996 0.12306944444444444 0.017765625000000007 0.11880555555555554
0 0.3893828125 0.04091666666666667 0.02742187500000002 0.08183333333333334
0 0.4226953125 0.022180555555555558 0.013828124999999946 0.044361111111111115
0 0.38468359375 0.2604444444444444 0.029164062499999987 0.13397222222222224
0 0.31294140625 0.33534027777777775 0.030757812500000002 0.1323194444444444
0 0.31207421874999997 0.24450000000000002 0.024726562499999983 0.08605555555555557
0 0.20955859375000002 0.057868055555555555 0.02413281250000001 0.10573611111111113
0 0.1954609375 0.014972222222222222 0.019515625000000016 0.029944444444444444
0 0.14015625 0.07564583333333334 0.02890625 0.10981944444444444
0 0.06101171875 0.17352083333333335 0.0256328125 0.10856944444444447
0 0.9794140625000001 0.6841180555555556 0.04117187500000004 0.17926388888888894
0 0.9940859374999998 0.1438472222222222 0.011828125000000078 0.08730555555555555
