0 0.06577734375 0.8406805555555555 0.06724218750000001 0.1596388888888888
0 0.14387890625000002 0.5315833333333333 0.03724218749999999 0.15238888888888893
0 0.19347656249999998 0.5219027777777777 0.03289062499999999 0.13763888888888884
0 0.21680468749999998 0.5410833333333334 0.035296875000000026 0.14699999999999996
0 0.22785937499999998 0.5024027777777778 0.030624999999999993 0.11183333333333331
0 0.25161718750000006 0.5302430555555555 0.028765624999999996 0.12193055555555558
0 0.369546875 0.5969166666666667 0.0361875 0.16366666666666663
0 0.40813281250000005 0.43076388888888884 0.029562500000000026 0.1404166666666666
0 0.614359375 0.47605555555555557 0.03371875000000006 0.12177777777777779
0 0.60751171875 0.8736180555555555 0.047195312500000065 0.19395833333333345
0 0.72919921875 0.738798611111111 0.05055468750000003 0.15868055555555546
0 0.79775390625 0.5648541666666667 0.04216406249999993 0.15126388888888884
0 0.78807421875 0.42245833333333327 0.03747656250000002 0.15480555555555553
0 0.9046679687499999 0.2342013888888889 0.03646093749999988 0.13751388888888888
0 0.9546796875 0.22422916666666665 0.028578124999999944 0.1217638888888889
0 0.9196953125 0.14015277777777777 0.02982812500000005 0.09219444444444444
0 0.9543593749999999 0.021027777777777777 0.015781250000000035 0.042055555555555554
0 0.8888125 0.0827986111111111 0.028843750000000057 0.11901388888888889
0 0.855890625 0.06730555555555555 0.021999999999999888 0.10247222222222223
0 0.83809375 0.07097916666666668 0.017593749999999984 0.09981944444444445
0 0.73058984375 0.1049375 0.018710937500000035 0.12223611111111111
0 0.73535546875 0.03819444444444445 0.025960937500000014 0.0763888888888889
0 0.68719140625 0.04733333333333334 0.02071093749999999 0.09416666666666666
0 0.6676328125 0.07605555555555556 0.017265625000000017 0.06627777777777778
0 0.5787890625000001 0.11084722222222222 0.024421874999999992 0.09913888888888889
0 0.63838671875 0.14695833333333333 0.024539062500000063 0.12302777777777775
0 0.6221796875 0.16927777777777778 0.026796874999999963 0.12211111111111111
0 0.52834375 0.18118055555555554 0.030124999999999957 0.12958333333333333
0 0.49694140625000005 0.2537569444444444 0.02927343750000002 0.13145833333333334
0 0.48426562500000003 0.11751388888888889 0.018093750000000065 0.11388888888888889
0 0.48404296875 0.03926388888888889 0.01927343749999997 0.07852777777777778
0 0.4522812500000001 0.11527777777777778 0.02162499999999996 0.12127777777777776
0 0.42416015625 0.1184375 0.018648437500000004 0.1222361111111111
0 0.38946875 0.03310416666666667 0.025718750000000012 0.06620833333333334
0 0.43767578125 0.021180555555555557 0.037460937500000034 0.04236111111111111
0 0.38126953124999996 0.24414583333333334 0.028929687500000023 0.1329861111111111
0 0.31187109375000005 0.34094444444444444 0.0318828125 0.13172222222222219
0 0.31230859375 0.2519791666666667 0.025523437499999968 0.08776388888888889
0 0.21174609374999998 0.05061111111111111 0.021351562499999987 0.10122222222222221
0 0.14613671875 0.06199305555555555 0.0279296875 0.10734722222222223
0 0.05975781250000001 0.17126388888888888 0.025421875000000003 0.10958333333333332
0 0.97303125 0.6585486111111111 0.044187499999999956 0.17415277777777785
0 0.9931015625 0.14693055555555554 0.013796875000000064 0.0909722222222222
