0 0.055078125 0.8329305555555556 0.06023437499999999 0.16075
0 0.14858203125 0.5199375 0.0411171875 0.16054166666666664
0 0.19477734375 0.5246597222222222 0.030914062500000016 0.1380138888888889
0 0.21870703125 0.5447013888888889 0.03616406249999997 0.14829166666666665
0 0.23090625 0.5052013888888889 0.027453124999999988 0.11087500000000006
0 0.2534375 0.5328680555555555 0.02878124999999998 0.12320833333333331
0 0.37028125 0.6417013888888888 0.03946875000000003 0.184375
0 0.40932421874999997 0.4621736111111111 0.028632812499999983 0.15176388888888886
0 0.6141171875 0.5033124999999999 0.03473437499999994 0.13531944444444446
0 0.6157773437499999 0.9032708333333334 0.04913281249999999 0.18048611111111118
0 0.7472578125 0.7399097222222223 0.05001562499999999 0.1622916666666666
0 0.79132421875 0.5515277777777778 0.041664062499999946 0.1628611111111111
0 0.78153515625 0.4036388888888889 0.035445312500000006 0.1549444444444444
0 0.9018671875 0.2202638888888889 0.03548437499999988 0.1268611111111111
0 0.9529453125 0.2064375 0.031515625000000116 0.11490277777777778
0 0.9177500000000001 0.13575694444444444 0.029250000000000043 0.0987638888888889
0 0.9565468750000001 0.022 0.016281249999999935 0.044
0 0.8896914062500001 0.07885416666666667 0.027601562499999944 0.12168055555555556
0 0.8530625000000001 0.06638194444444445 0.025 0.10090277777777779
0 0.8383749999999999 0.06914583333333334 0.017687500000000078 0.10131944444444445
0 0.7317734375 0.10605555555555556 0.017421875000000052 0.124
0 0.73990625 0.04047222222222222 0.024765624999999947 0.08094444444444444
0 0.68903125 0.049819444444444444 0.019968750000000045 0.09463888888888888
0 0.67075 0.07895833333333334 0.015234375 0.07077777777777777
0 0.579953125 0.10056944444444443 0.02273437500000002 0.09441666666666668
0 0.6390546875 0.1651388888888889 0.025687499999999995 0.13194444444444445
0 0.62272265625 0.17815972222222223 0.02657031249999999 0.11740277777777776
0 0.5286875 0.17177083333333334 0.03018749999999999 0.12840277777777778
0 0.4965859375 0.238625 0.028890625000000014 0.12313888888888887
0 0.481703125 0.12389583333333333 0.01853125000000002 0.11234722222222224
0 0.48303124999999997 0.03823611111111111 0.017765625000000007 0.07647222222222222
0 0.45335156249999997 0.12020833333333333 0.021359375000000024 0.12208333333333334
0 0.42696093749999997 0.12362499999999998 0.019359374999999977 0.11841666666666666
0 0.3890078125 0.041701388888888885 0.02742187500000002 0.08340277777777777
0 0.4180859375 0.022444444444444444 0.021484375 0.04488888888888889
0 0.38503515625 0.26627083333333335 0.029585937499999958 0.13718055555555553
0 0.31317578125 0.3334097222222222 0.030757812500000002 0.13087500000000002
0 0.31196484375 0.24329166666666668 0.024570312500000035 0.08469444444444443
0 0.20924218749999998 0.06289583333333335 0.024859375000000017 0.1094861111111111
0 0.1950546875 0.015472222222222222 0.01979687499999998 0.030944444444444445
0 0.138078125 0.07729166666666666 0.02931250000000001 0.10944444444444444
0 0.061234374999999994 0.17377777777777778 0.025812500000000006 0.10844444444444444
0 0.98203125 0.6861805555555555 0.0359375 0.1773611111111111
0 0.9942890625 0.14259722222222224 0.011421874999999915 0.08563888888888889
