0 0.050335937500000004 0.8319097222222221 0.055015625 0.16584722222222217
0 0.14928515625 0.5049305555555555 0.03980468749999999 0.15450000000000003
0 0.1947734375 0.5255 0.03018749999999999 0.13705555555555557
0 0.21830859375 0.5461111111111112 0.037398437500000006 0.14833333333333334
0 0.2309609375 0.5065972222222223 0.027312500000000028 0.11069444444444451
0 0.25395703125 0.5339375 0.02907031250000003 0.12281944444444437
0 0.37028906250000004 0.6499027777777778 0.039015625 0.17552777777777778
0 0.41065234375 0.46542361111111114 0.030414062500000005 0.14859722222222224
0 0.6130117187499999 0.5096666666666667 0.03641406250000001 0.13166666666666668
0 0.6196484375000001 0.9139583333333333 0.05085937500000002 0.1720833333333333
0 0.7518828125 0.7394652777777777 0.05739062500000003 0.16506944444444446
0 0.7887929687499999 0.5365 0.040945312499999886 0.15311111111111103
0 0.7789140625 0.39356944444444447 0.03496874999999999 0.15388888888888885
0 0.8991796874999999 0.21782638888888886 0.03529687500000005 0.1300972222222222
0 0.9517695312499999 0.20513194444444444 0.031257812499999996 0.11779166666666666
0 0.91683984375 0.14507638888888888 0.029117187499999985 0.12540277777777778
0 0.95703125 0.023027777777777775 0.016250000000000143 0.04605555555555555
0 0.8890664062500001 0.07409722222222223 0.027351562499999992 0.11772222222222223
0 0.8523359375 0.0670763888888889 0.02367187500000014 0.10151388888888889
0 0.8371875 0.06767361111111111 0.019125000000000014 0.09959722222222221
0 0.7323125 0.10706944444444445 0.018031249999999943 0.12580555555555556
0 0.7409414062499999 0.041326388888888885 0.02302343750000002 0.08265277777777777
0 0.6899843750000001 0.051263888888888894 0.01978125000000004 0.09450000000000001
0 0.671953125 0.07806944444444444 0.014812500000000029 0.07036111111111112
0 0.5808359375000001 0.10018750000000001 0.02073437499999997 0.09793055555555555
0 0.6389921875 0.16964583333333333 0.026171875 0.12776388888888887
0 0.62276953125 0.18381944444444448 0.02485156249999996 0.11930555555555557
0 0.52838671875 0.16946527777777778 0.030007812499999974 0.1297361111111111
0 0.49713281249999997 0.236375 0.029781250000000002 0.12452777777777779
0 0.48014453125 0.1298125 0.0189453125 0.11398611111111111
0 0.48305468749999997 0.03923611111111111 0.017625000000000047 0.07847222222222222
0 0.4535390625 0.12145138888888887 0.021359375000000024 0.12362499999999998
0 0.42903906250000007 0.1255902777777778 0.023390624999999953 0.11709722222222223
0 0.38815625000000004 0.0430625 0.02618750000000003 0.086125
0 0.41335937500000003 0.022402777777777775 0.028125 0.04480555555555555
0 0.385421875 0.27095833333333336 0.029093749999999963 0.1370833333333333
0 0.31323828125 0.32685416666666667 0.03102343750000003 0.12923611111111113
0 0.31141406250000003 0.23997222222222223 0.024421874999999992 0.08333333333333333
0 0.20821484375 0.06798611111111111 0.027835937499999998 0.1071388888888889
0 0.1938515625 0.016805555555555556 0.021171874999999996 0.03361111111111111
0 0.13262109375 0.08071527777777777 0.028242187500000005 0.10806944444444445
0 0.06199609375 0.17488194444444444 0.025742187499999996 0.10934722222222223
0 0.09471875 0.016805555555555556 0.010093750000000002 0.03361111111111111
0 0.9825664062499999 0.6921805555555556 0.034867187500000084 0.16883333333333334
0 0.9944921875 0.1388888888888889 0.011015624999999928 0.0836111111111111
