0 0.04582421875 0.8264305555555556 0.057757812500000005 0.17558333333333329
0 0.1528515625 0.4864097222222223 0.03603125 0.15612500000000004
0 0.19380859374999998 0.5279305555555556 0.029507812499999987 0.13541666666666666
0 0.21715625 0.5491805555555556 0.03878124999999999 0.14833333333333334
0 0.22991796874999998 0.5094305555555556 0.028273437499999998 0.11041666666666666
0 0.2540859375 0.5362986111111111 0.029515625000000024 0.1222361111111111
0 0.36829687499999997 0.6866666666666666 0.03940625 0.18472222222222223
0 0.4104296874999999 0.49277083333333327 0.036062499999999977 0.15690277777777772
0 0.6117734374999999 0.5354305555555555 0.038015624999999977 0.13869444444444445
0 0.6204960937499999 0.936951388888889 0.05477343750000001 0.12609722222222217
0 0.7616484375 0.738 0.05940624999999997 0.1731944444444445
0 0.78371484375 0.5204097222222223 0.04083593749999999 0.15754166666666666
0 0.77294921875 0.3730833333333333 0.03505468749999992 0.1502777777777778
0 0.8934999999999998 0.20318750000000002 0.03735937499999995 0.1261527777777778
0 0.9494882812499998 0.1968472222222222 0.03007031250000001 0.12099999999999998
0 0.9130429687499999 0.12254861111111111 0.030601562500000058 0.09948611111111111
0 0.9571484375000001 0.02423611111111111 0.016015625 0.04847222222222222
0 0.8857031249999998 0.07089583333333332 0.02681249999999995 0.11920833333333333
0 0.8507265624999999 0.06665972222222222 0.020859375000000034 0.10184722222222221
0 0.8338828125 0.06729861111111111 0.02045312500000005 0.09918055555555555
0 0.73284375 0.10858333333333334 0.019500000000000028 0.1285
0 0.740171875 0.042069444444444444 0.020578125000000023 0.08413888888888889
0 0.6912890625 0.053750000000000006 0.01910937500000003 0.09449999999999999
0 0.6740625 0.07884722222222222 0.01481249999999994 0.07036111111111111
0 0.579453125 0.09137499999999998 0.02168749999999999 0.0948611111111111
0 0.639796875 0.1807638888888889 0.026906249999999955 0.12666666666666668
0 0.61965234375 0.1995138888888889 0.02302343750000002 0.12177777777777779
0 0.5269726562500001 0.15863194444444445 0.030601562499999967 0.12559722222222222
0 0.49808593749999996 0.22480555555555556 0.029890624999999994 0.12425000000000001
0 0.47646484375 0.14079166666666668 0.021882812499999994 0.11508333333333336
0 0.48117968750000006 0.03884027777777778 0.017625000000000047 0.07768055555555556
0 0.454515625 0.12493055555555554 0.021375000000000012 0.12152777777777776
0 0.4290312500000001 0.13130555555555556 0.025843750000000033 0.11705555555555555
0 0.38799609375 0.05381944444444445 0.026054687499999972 0.09291666666666668
0 0.40261718750000003 0.024180555555555556 0.02054687500000001 0.04836111111111111
0 0.38403515625 0.28758333333333336 0.030601562499999967 0.1380833333333333
0 0.31183203125 0.31799305555555557 0.030804687500000004 0.12665277777777778
0 0.30959765624999996 0.23015972222222222 0.02464843750000001 0.0830972222222222
0 0.20013671875 0.07703472222222223 0.0236328125 0.105125
0 0.19003124999999998 0.020729166666666667 0.021937499999999988 0.04145833333333333
0 0.12274609375000001 0.0941111111111111 0.03294531249999999 0.11074999999999999
0 0.0623671875 0.17805555555555555 0.02537499999999999 0.1108888888888889
0 0.08944140625 0.024444444444444446 0.020976562499999997 0.04888888888888889
0 0.9940585937499999 0.13811805555555556 0.011882812500000029 0.08893055555555555
