0 0.06896484375 0.8454444444444444 0.0568359375 0.16227777777777783
0 0.14010546875 0.5646805555555555 0.0371328125 0.16841666666666666
0 0.19211328125000002 0.5193402777777777 0.03233593750000001 0.13881944444444444
0 0.21546484374999997 0.5393888888888889 0.0365703125 0.14625000000000002
0 0.22504296875000002 0.5004305555555556 0.031320312500000023 0.11247222222222225
0 0.25140624999999994 0.5291805555555555 0.028750000000000008 0.12108333333333335
0 0.36891406250000003 0.5788194444444444 0.03748437499999997 0.1768055555555555
0 0.4086953125 0.41804861111111113 0.02917187499999998 0.15056944444444445
0 0.6131953125 0.46595138888888893 0.035640625 0.13254166666666667
0 0.6021640625 0.8294513888888888 0.04770312499999996 0.17998611111111115
0 0.7093984375 0.7356874999999999 0.05620312500000004 0.15812500000000004
0 0.80299609375 0.5983055555555555 0.041976562500000016 0.1683888888888888
0 0.79462109375 0.44231250000000005 0.03767968750000002 0.15037500000000006
0 0.90612890625 0.23935416666666667 0.040382812500000045 0.12934722222222222
0 0.95730859375 0.22677777777777777 0.029617187499999885 0.11783333333333332
0 0.9206406250000001 0.1514236111111111 0.029875000000000006 0.08854166666666667
0 0.9535703125000001 0.01986111111111111 0.014734374999999921 0.03972222222222222
0 0.8886953125 0.09107638888888889 0.0280156250000001 0.12090277777777778
0 0.8575234375 0.07128472222222222 0.020046875000000065 0.10298611111111113
0 0.8385078125 0.0701875 0.01857812499999998 0.09545833333333334
0 0.73012890625 0.10329166666666667 0.018570312500000075 0.12105555555555556
0 0.7310859375 0.03190277777777778 0.02595312500000002 0.06313888888888888
0 0.6860625 0.04673611111111111 0.01881250000000003 0.09347222222222222
0 0.6656796875 0.07436111111111111 0.01604687500000006 0.06633333333333334
0 0.58061328125 0.11904166666666668 0.022476562500000075 0.10080555555555555
0 0.63585546875 0.13881249999999998 0.02377343750000005 0.12470833333333334
0 0.6207148437500001 0.1519791666666667 0.025492187499999996 0.11770833333333336
0 0.52894140625 0.1896111111111111 0.03163281250000001 0.12894444444444444
0 0.4979609375 0.25859027777777777 0.030453125000000015 0.1244861111111111
0 0.48741406249999997 0.10384722222222222 0.018734375000000015 0.10741666666666667
0 0.4848828125 0.033680555555555554 0.01989062500000003 0.06736111111111111
0 0.45160156249999994 0.11278472222222222 0.021796874999999983 0.12181944444444445
0 0.4230078125 0.11244444444444446 0.01945312499999998 0.12205555555555556
0 0.38901171875 0.03027777777777778 0.022554687500000004 0.06055555555555556
0 0.449125 0.019541666666666666 0.018249999999999923 0.03908333333333333
0 0.37884375000000003 0.2246875 0.029609374999999983 0.1267361111111111
0 0.31343359375 0.3536875 0.035476562499999975 0.13401388888888885
0 0.31174999999999997 0.2615763888888889 0.026031249999999995 0.08879166666666667
0 0.21632812499999998 0.04590277777777777 0.020937500000000008 0.09180555555555554
0 0.15852734375000002 0.05654166666666667 0.0327890625 0.10775
0 0.0590625 0.17027777777777778 0.026250000000000006 0.10999999999999999
0 0.9572226562499999 0.6332777777777777 0.05553906249999994 0.1717777777777777
0 0.9925390625 0.1540138888888889 0.014921874999999928 0.09919444444444443
