0 0.04888671875 0.8316388888888888 0.0542265625 0.16969444444444437
0 0.14958984375 0.4947777777777778 0.03819531249999999 0.15
0 0.19455078125 0.5260555555555555 0.029742187499999996 0.1359722222222222
0 0.21760156249999998 0.5469861111111112 0.038328125000000005 0.14833333333333334
0 0.2305625 0.5075347222222222 0.027953124999999978 0.11051388888888888
0 0.25410546875 0.5347708333333333 0.029367187500000023 0.1224305555555556
0 0.37013671875 0.6549722222222222 0.0380859375 0.16961111111111113
0 0.41134375 0.47043750000000006 0.03220312499999998 0.1471805555555555
0 0.61218359375 0.5135625 0.03783593749999996 0.12876388888888887
0 0.62072265625 0.9215416666666667 0.05121093749999996 0.1569166666666667
0 0.75479296875 0.7387500000000001 0.05974218750000002 0.16716666666666669
0 0.78709765625 0.5277916666666667 0.03989843749999995 0.14816666666666667
0 0.77701953125 0.38229861111111113 0.03530468749999995 0.14623611111111107
0 0.8973789062499999 0.21551388888888892 0.03530468750000004 0.1318888888888889
0 0.9508046875 0.20477777777777778 0.030953124999999915 0.11905555555555557
0 0.91623046875 0.14190972222222223 0.02927343750000002 0.12618055555555555
0 0.9571093749999999 0.023833333333333335 0.016093750000000108 0.04766666666666667
0 0.8883203125 0.07150694444444444 0.02742187499999993 0.11573611111111112
0 0.8518828124999999 0.06752083333333334 0.022390625000000063 0.10184722222222221
0 0.836 0.0667013888888889 0.02056249999999995 0.097875
0 0.7326679687500001 0.10807638888888889 0.019007812500000033 0.12759722222222222
0 0.741 0.041819444444444444 0.022031250000000037 0.08363888888888889
0 0.690546875 0.052333333333333336 0.01978124999999995 0.09450000000000001
0 0.6726093750000001 0.077625 0.01481249999999994 0.07036111111111111
0 0.5801093749999999 0.09910416666666667 0.02204687500000002 0.09762499999999999
0 0.6392773437500001 0.1724375 0.026664062499999995 0.12704166666666664
0 0.62207421875 0.19210416666666666 0.021835937500000034 0.12329166666666665
0 0.5279921875 0.16747916666666668 0.029812499999999974 0.13015277777777776
0 0.4974765625 0.23520833333333332 0.030671874999999994 0.12552777777777777
0 0.47901953124999996 0.1346875 0.01925781249999998 0.11534722222222221
0 0.48305468749999997 0.03863888888888889 0.017625000000000047 0.07727777777777778
0 0.4535390625 0.12252083333333334 0.021359375000000024 0.12362499999999998
0 0.4298828125 0.12699305555555557 0.02582812499999996 0.11618055555555554
0 0.38767578125 0.043645833333333335 0.024960937500000037 0.08729166666666667
0 0.412265625 0.022534722222222223 0.030468750000000044 0.04506944444444445
0 0.38521875000000005 0.2735138888888889 0.028187499999999987 0.13541666666666666
0 0.3132578125 0.3240625 0.031296875 0.12859722222222222
0 0.3109765625 0.2378611111111111 0.024421874999999992 0.08333333333333333
0 0.20687109375 0.07059722222222223 0.0288359375 0.1061388888888889
0 0.19305468750000002 0.017645833333333333 0.022265625 0.035291666666666666
0 0.127546875 0.08249305555555556 0.02506250000000001 0.10706944444444445
0 0.06253125 0.1757291666666667 0.025500000000000002 0.11037499999999997
0 0.09333984375000001 0.019305555555555555 0.014523437500000003 0.03861111111111111
0 0.98270703125 0.7023819444444445 0.03458593749999998 0.17143055555555547
0 0.9944921875 0.1397986111111111 0.011015624999999928 0.08431944444444443
