0 0.07075390625 0.850375 0.0526953125 0.16105555555555562
0 0.1383046875 0.5698333333333333 0.03917187499999999 0.1592222222222223
0 0.19201171875000003 0.5182430555555555 0.03233593750000001 0.13881944444444444
0 0.21449218750000001 0.5383819444444444 0.03751562500000001 0.14645833333333333
0 0.22504296875000002 0.5004305555555556 0.031320312500000023 0.11247222222222225
0 0.25140624999999994 0.5291805555555555 0.028750000000000008 0.12108333333333335
0 0.3708515625 0.5531319444444445 0.035015625000000036 0.16340277777777776
0 0.40900390625000005 0.4003055555555556 0.029179687500000016 0.14394444444444446
0 0.6133164062500001 0.4495486111111111 0.0356484375 0.1262361111111111
0 0.5998320312500001 0.8179375 0.047992187499999964 0.19101388888888884
0 0.7000273437500001 0.7386041666666667 0.04342968750000002 0.16468055555555564
0 0.8069453125000001 0.6071041666666667 0.043343750000000104 0.16015277777777778
0 0.79831640625 0.4572013888888889 0.037945312500000127 0.1524583333333333
0 0.91004296875 0.2549444444444445 0.03708593750000002 0.13733333333333334
0 0.95863671875 0.24094444444444443 0.031898437499999946 0.12275
0 0.9211562499999999 0.15851388888888887 0.030906249999999958 0.0981388888888889
0 0.9535585937499998 0.01986111111111111 0.014382812500000064 0.03972222222222222
0 0.8899687500000001 0.09581944444444444 0.028562499999999956 0.12030555555555557
0 0.8582734375000001 0.07235416666666666 0.020046875000000065 0.10298611111111113
0 0.8396015625000001 0.07452083333333334 0.01939062499999995 0.09745833333333331
0 0.72999609375 0.10256944444444446 0.018570312499999984 0.12105555555555557
0 0.72997265625 0.03554861111111111 0.026195312499999977 0.07095833333333333
0 0.6848046875 0.04643055555555556 0.01881250000000003 0.09252777777777776
0 0.6647812500000001 0.07389583333333333 0.01604687500000006 0.06765277777777778
0 0.58215625 0.1255138888888889 0.02156250000000002 0.1
0 0.6348671875 0.12785416666666666 0.023765625000000058 0.11845833333333332
0 0.6203867187500001 0.1493125 0.02433593749999998 0.11837500000000001
0 0.52925 0.19483333333333333 0.031875000000000056 0.12977777777777777
0 0.4966640625 0.27181249999999996 0.030453125000000015 0.13248611111111114
0 0.49068750000000005 0.1007638888888889 0.02053124999999998 0.11238888888888889
0 0.48596093749999997 0.03473611111111111 0.01989062500000003 0.06947222222222223
0 0.4511953125 0.11278472222222222 0.021484375 0.12181944444444445
0 0.42297656250000004 0.11070833333333334 0.020640624999999968 0.12241666666666667
0 0.3896171875 0.026534722222222223 0.02501562500000003 0.05306944444444445
0 0.46223046874999996 0.01940277777777778 0.026320312500000043 0.03880555555555556
0 0.3793515625 0.21829861111111112 0.027875000000000004 0.1302916666666667
0 0.315359375 0.3631458333333333 0.03512499999999998 0.13140277777777776
0 0.311921875 0.26790972222222226 0.02581249999999997 0.09079166666666667
0 0.22007812499999999 0.04055555555555555 0.02393749999999999 0.0811111111111111
0 0.16164453125 0.048930555555555554 0.026554687500000007 0.09680555555555556
0 0.058625 0.16922222222222222 0.025375 0.1078888888888889
0 0.9513125 0.6214236111111111 0.05075000000000003 0.17287500000000003
0 0.9925703125 0.15950694444444444 0.014859374999999985 0.097375
